    1.00108809814806853922E+00    1.14124159229461947032E-03   -6.78893475236662488799E-04    2.54242216050430281180E-17
    2.00642585454759679597E-03   -4.83487035403485865270E-01    1.35847235969013491186E-01    3.20349372147524284520E-19
   -3.25827487462625664180E-03   -4.69002777017360039657E-01    3.04158785559707212087E-01   -9.03477967223286242499E-17
    3.45143603767655905643E-16   -8.06582450310324110688E-16   -2.46528035842689068997E-15    1.15727597017584560302E-01
   -1.90368844187398681764E-16   -1.21605255310495193125E-16   -1.30089991656650826390E-15    7.74446188971481541685E-02
    1.78519007500000482941E-17   -4.68682168436330399682E-17    3.13669687967688892229E-16    6.71179828729028704615E-01
   -2.06028909270886585169E-17    5.88933398419375394495E-17    2.24786298425947157794E-16    4.49151865129233163199E-01
   -1.54481387206561906859E-03    7.54405111454291427142E-02    5.38490825391322758264E-01    4.06876567826882468692E-17
    6.30472469322897795946E-04    4.44090150227264852251E-03    2.96339778654317043127E-01    9.22044935185622288223E-17
   -1.61827817903275761205E-05    6.85231076390475229987E-04   -7.46665911315244970603E-03    3.75589087587083600254E-18
    8.86714537980275624473E-05   -5.01917357941530570264E-03    1.86905234744214575338E-03   -5.41060272947062522774E-17
   -8.14339605644149285252E-17    1.77820145715886337938E-16    5.70156177405879947811E-17   -2.86130518066566967572E-03
   -1.24743626570134448581E-04    7.06100878989386789020E-03   -2.62939602411635820617E-03   -5.52720755439003227563E-18
   -1.37751255241657005974E-17    1.70282682509875208051E-17    2.47118954405613246170E-17   -1.65945752836183582635E-02
   -1.42980741049438762067E-04   -1.85567975061025458583E-01   -3.73483205960802588930E-01   -8.36129139636334066303E-18
    8.42907562871808568872E-04   -5.67998858650258127423E-03   -6.59649549795836148691E-02    1.83731607152102145902E-16
   -1.31290552969212675341E-17    2.84038582510669921043E-16   -7.42403799899751605513E-17    4.45557019883686868805E-03
    9.36831334660202188107E-18   -4.95977664835580262139E-17    1.20923316052825419875E-17    2.58407581252314728915E-02
   -7.37930457329673077614E-04   -4.19078581217577489371E-02   -4.28688563741820224950E-02   -1.24229876910256187347E-16
    1.32546706981022747801E-17    3.67695854074290978675E-02    2.73034885250358835829E-02   -2.03737674921978779989E-16
    2.92394305651428090769E-16   -6.80285166188558110267E-02    1.26028122971726164181E-01    3.79182046198511499176E-16
    7.26393533706929980194E-16   -8.01461358892516462227E-01   -1.33729675336344833170E-01    6.72605383643336559654E-15
    6.49151265603339799881E-01    2.06761992828535094074E-16    2.03891894856051521505E-15    1.58607608579943548666E-01
    4.71725953880732629120E-01    3.96979254005463315327E-17   -2.47234075545813384941E-15   -1.77183249187318897500E-01
   -1.11929341219115588424E-01   -2.07927412063790666127E-16   -2.29383470783127768211E-16    9.19868988082680028029E-01
   -8.13369364762078911335E-02    1.04495857393024794654E-16    3.15287729138437236001E-16   -1.02760124557952825519E+00
    1.46267398818312695240E-15    2.31539994211925614920E-01   -3.69167096370670633210E-01    6.52677612676864491752E-15
    1.01345734616363924448E-15    4.40091881696148545799E-01   -2.28625040553357167239E-01   -1.46658214274286687145E-14
   -1.59960147479379194937E-17   -3.94646969934101150834E-03   -3.37508421081850543133E-02    3.27561887603980406402E-17
   -1.05645490533655527142E-16   -1.33371976105744484940E-03    2.26481812163278114353E-03    4.19233253535177512998E-17
   -1.60635374088296013773E-02   -4.58004188958665981143E-17   -2.76767316887464987129E-16   -1.08645770862823525644E-04
   -3.53193269346548860466E-17    1.87628636608681907509E-03   -3.18616210643598999144E-03   -2.52289198183526194378E-17
    2.76974143791857037311E-03    2.01191519945057582166E-17    5.90387518428557145414E-17   -6.30107699106318710179E-04
   -1.25692137422259145149E-15    8.35269113004702273839E-02   -1.27648530242168578575E+00   -7.72987375140038709410E-15
   -3.00181301668866790802E-16    1.40928173328425154764E+00    8.76292296243490476115E-01   -3.20295404398682074976E-15
    3.07586551859364912276E-02   -7.01427067717742448228E-17    5.71463428771233859526E-18   -6.00141757513188416756E-03
   -5.30353431345175711092E-03   -2.24653943502767003033E-17   -4.25237221778556765468E-17   -3.48061354768877603827E-02
   -1.66369475657653738848E-16    2.92632950492033791501E-02    2.92060478911030430016E-01   -3.74231744116624654317E-15
    6.05053760180629673915E-02   -3.40386609109919458820E-15   -1.17186786615240374459E-15   -5.74319648558997937083E-15
    2.37247199272121372937E-01   -1.22644484215667773731E-14   -2.75996974471245527515E-15   -1.35300849241266125031E-14
    4.57940153114167691761E-01   -1.75208270004199549465E-14    3.86535750364881046116E-15    1.91566385840113134024E-14
    3.87183237846359715648E-14    9.35470916182153722218E-01    2.41286532737739400564E-03    1.82625868043276677610E-02
   -4.26249558455737344648E-14   -1.01340355309878527024E+00   -7.49748754384867294176E-02   -4.45450980645498151311E-01
   -1.57159909005418975882E-14   -1.61297757435000910231E-01    1.39937800395984399127E-02   -3.14891061340825907308E-03
    1.72203857496077654733E-14    1.74735224434991703868E-01   -4.34828211702481259859E-01    7.68064971154625297789E-02
    7.05143156013556038353E-01   -2.93425944181969552474E-14   -7.22902011168035286419E-16   -1.77466765184078614720E-15
   -1.52213524009357770161E+00    6.65971133823955249746E-14   -2.69912320283663592070E-16   -3.03294424553227596790E-15
   -1.00387844072234440167E-03    1.97330943713900710747E-16   -1.12791620726511967273E-17   -7.17450735593754174464E-17
    2.48637326548917800620E-03   -9.55555231249915553603E-17   -9.05832127342827198477E-18   -1.42902973949631652076E-16
   -1.95262629035338840246E-16   -8.93473947738085590153E-04   -2.71086017858580621831E-02   -1.47352332649888728699E-01
   -3.49784744536010177088E-03    1.63720859909461145982E-16    1.60687246603495924571E-17    8.17320617771864097114E-17
   -5.65137829155081154846E-17    1.54056466752290507861E-04   -1.57220465754162708194E-01    2.54070975356923758892E-02
   -7.83859861151550263436E-01    3.83788423874534290220E-14   -7.74017459741932405045E-16   -3.25533680910378729627E-15
   -2.91995879647146294733E-01    8.84417972924353615552E-15   -8.43604895314330648085E-16   -5.62007002187519714229E-15
   -2.56025731356937314245E-16   -4.15186949315025852214E-02    1.71955088403162953403E-01    1.00196887420680513792E+00
    8.72812485297146176448E-16    7.15882478892107109586E-03    9.97279730659043184282E-01   -1.72763609892673253299E-01
   -3.54460547168609363400E-01    1.48742143497432643989E-14   -7.04733397966844821726E-16   -2.96673935795756997388E-15
    7.15321127704880099785E-01    1.76309162785446255084E-01    2.17685739010727020577E-15    5.17504087218722576280E-03
    1.65369376567412063039E+00    4.64624986444887255743E-01    1.02791314226505189896E-14    2.63405060517389044694E-02
   -2.47385326711669106814E+00    5.31015334575143604923E-01    2.92803875306143401646E-14    7.47817782545533993321E-02
    1.38633482928391516688E-15    9.92872842083923381955E-16   -2.84612528792420395963E-17   -3.03467599761368964333E-17
   -5.37905717949513927521E-15   -7.39521717776578302379E-16    1.50748003085169425612E-16    2.21855371520190742101E-16
    1.29604818508471711243E-15   -9.96230472206032026353E-17   -1.71425362356020704235E-17   -1.01589350545160505645E-16
   -1.52007981307727487687E-15    3.62178842153814615495E-16    8.45278490988563387185E-17    1.24774575736403941479E-16
    1.41571886086363871865E-02   -7.55503676101039745028E-01   -1.45734408035116776876E-14   -3.68956648340241083472E-02
    7.26944974303324276121E-01   -1.10900446232944593916E-01   -1.63114637327937370082E-14   -4.41117773942114460572E-02
    1.41960733273388244741E-02   -4.75423299535123605741E-02    2.37284961325138800307E-15    7.54497200083540341120E-03
    1.83500804593988834680E-04    1.31566998946867370207E-02    9.42256557023937624251E-01   -3.34451233282559157178E-01
   -2.38101858003439270216E-16    5.47458808314322025197E-16    1.06044364184864661331E-16   -6.72429644678796870089E-16
   -2.58150226066183147936E-04   -1.85089382011781392046E-02    1.67445947058592226053E-01    4.70508353741998952557E-01
   -1.45883643399754956183E-18   -2.66161322527529202966E-16   -2.15220842014977816866E-17   -1.09695799825458353930E-16
    5.85405254430847454827E-01   -4.79800731406556935088E-01   -2.74447814931889543898E-14   -7.48767930921385854726E-02
    7.56307977820456223128E-01   -3.00850653786570665371E-01   -9.10911320035663655752E-15   -2.17147832853099090333E-02
    9.39656355175673795639E-15   -5.53963721657897050934E-16    1.20014524588933654614E-16   -6.66224041761513748888E-16
    3.00463188554368681168E-16   -4.34858147533281270685E-16   -3.57440158650179197364E-17   -8.10534136157884266739E-17
    3.35763395897444028027E-01   -1.27456437358389518266E+00   -3.16051048631393239059E-14   -7.94919593850035716143E-02
   -1.75382916655347246827E-16   -1.21760525777629216659E-15    1.07878216181282057806E-01
   -4.45635038977740086084E-16   -3.14783022128096424408E-15    1.40124825171620892572E-01
    2.93930406291860856052E-16    5.33419349670743181187E-16   -1.52593238363311689554E+00
    2.72160765935263284157E-03    1.57977046092031350732E-02    2.43719855605749250402E-16
   -3.60393793614187177288E-02   -2.06218846501096730872E-01    1.11902807342348654081E-16
    1.57843782273834297436E-02   -2.72390544912363020275E-03    4.86925952917746267144E-16
   -2.09015870809279191711E-01    3.55571048827608426901E-02   -5.03954836824292466087E-16
    1.18922883754489102846E-16    1.02962078333165326854E-15    4.06700561992539733058E-01
    2.57127241402176892108E-16    1.12625329816708908892E-15    1.01380273097010253913E+00
   -3.04541903590255732623E-16   -8.88419014159661510924E-16   -3.61866729958915944732E-01
   -9.73883766091737317789E-17   -5.22615631199040668051E-16   -8.94635636680344951965E-03
    1.78335192973706091468E-01    1.03574224986017737749E+00   -3.28367461069049106188E-15
    1.21390548045998648304E-16    3.59468929896777153163E-16    1.25857972321543470917E-02
    1.03428211905459166431E+00   -1.78586954755316884569E-01   -5.24884806015401329726E-16
    6.01054158397840772656E-16    1.54250212770668365762E-15    1.57823052363749916083E+00
   -4.31471026373493808852E-16    6.16995698088039650752E-16    3.04867586244707722276E-01
    9.26513317856511725568E-02    5.27801811008620780363E-01   -1.18821444499118627670E-15
    5.37345513101393557065E-01   -9.10057672698927205834E-02   -1.30454822466297568665E-16
    2.45705465355391088205E-16    2.94258277304603026643E-15    1.08982944482054078250E+00
    1.00039949301723485320E+00    7.84974222001304927643E-03    4.30820338584259141662E-03    3.84189089950546695055E-17
   -6.76203626254242803374E-04   -4.48302826115627273129E-01   -1.53662982414854959456E-01    2.90411220956175637714E-16
   -2.51327894879489711563E-03   -4.50156844697979452441E-01   -3.48889176783544141536E-01    3.52332962521406043460E-16
    3.36754752772019387143E-16   -8.79111729020017508166E-16    1.96794133876358787356E-15    6.32054988743277701424E-01
   -1.79816045373308039561E-16   -9.69201168557397847735E-17    1.08379746341681536977E-15    4.89090785575130304608E-01
    2.10856722071365573562E-17   -4.29001365366571923597E-17   -2.50628864272037430353E-16   -1.08981530581387472956E-01
   -1.50807860988430802341E-17    1.50409915053652183502E-16   -1.29393932761051601221E-16   -8.43310524472103417715E-02
   -1.46022621121613769418E-03    8.52780080432291864856E-02   -5.10944386437660602596E-01    1.23704495121705024331E-15
    3.95412228150732723321E-04   -5.48196155504578064299E-03   -3.00381623885965509668E-01    1.02831544759198783233E-15
    1.73720835723115070741E-04   -4.41120965098878211469E-03    5.20576244362067411253E-03   -2.32675521161223271260E-18
   -2.70881841045721182860E-04    5.75917656618342432839E-03    2.09716590113200561374E-03    9.45020841311660756460E-18
   -7.19221237993260725636E-17    7.70795996550352530919E-17   -5.24130001050858435817E-17   -1.42670204316733620353E-02
    3.81078484411846653453E-04   -8.10205021064645813933E-03   -2.95030778024665428158E-03   -1.87014914345343213976E-17
   -7.81644996044179926281E-18    2.64116351386963029095E-17   -9.63760869661612182731E-18    2.45997856384480009448E-03
   -3.69073627565671069043E-04   -2.44239869679198307040E-01    3.82580149694040749786E-01   -9.84663746307273299523E-16
    6.27544337302849450193E-04   -2.20283307707346900917E-02    7.68258474400542457072E-02    5.83087020902619522642E-17
   -1.31763531595887998989E-17    2.40028978994067118954E-16    1.33905349164791312411E-16    3.39217998396292991226E-02
    8.70668053694257145574E-18   -5.31194648197161185120E-17   -1.75072487131195162664E-17   -5.84893677360082478445E-03
   -8.08662465358835698577E-04   -4.65796547875173896913E-02    3.74911696042004166651E-02   -8.58861262277826902296E-17
    4.99536400650757440085E-17    4.44298473802502702501E-02    2.31995436399657604942E-02    5.29524996110128792770E-02
    3.10188189388545331564E-17   -5.84999780598639274043E-02    1.31007841545567771391E-01    2.26738815807576127304E-01
   -4.92254241300401789834E-16   -8.31304892872746004073E-01   -1.02259735086361533418E-01    5.02274872902452984569E-01
    8.24360726176974478729E-02    6.14846360278924217707E-17    2.29804541132293036517E-15    4.49357966981064545813E-14
    1.10113866307564534086E-01   -1.21497199907401942445E-16   -2.37997947739012091210E-15   -4.81461725967063257367E-14
    4.78100561374553090221E-01   -3.47568151535519855626E-16   -2.07747213118820539262E-16   -4.49238714031284817100E-15
    6.38622142286128124944E-01   -2.68045955816593286376E-16    3.65111963745597389008E-16    5.27173017723093191199E-15
    1.94009170109423756610E-16    2.31204180635154216139E-01   -3.70983310585402847881E-01    7.12907334855028107512E-01
    3.68790687720045055841E-16    4.51553642043310166088E-01   -2.56150489589602681217E-01   -1.52841713637024745331E+00
   -8.71947068894017118029E-19   -5.31327174002977926232E-03   -3.17324519902478854871E-02    1.43243933733029973898E-03
   -1.64742391735283148040E-17    7.61522473613212170368E-04   -2.41971782307967651221E-03   -1.98384096586328752265E-03
   -2.16666909708638447812E-03   -5.82623996095670805316E-18   -2.26069332166328763322E-16   -2.06814033064142478032E-16
   -3.64039563907271802475E-18   -1.07131518661522737862E-03    3.40407609888180575849E-03    2.79088146207197946788E-03
   -1.25659274967388160521E-02    3.81065092966917605313E-17    6.89560627839785705235E-17   -7.79460496809456365439E-17
    8.83528549290186528323E-17    5.41816531009157026366E-02   -1.27217984642060510936E+00   -7.94206437226087302861E-01
    8.40204707492752208277E-16    1.42809131227863850278E+00    8.51901830800810277999E-01   -3.05898984610613156043E-01
    6.82105610685455887587E-03   -1.83624541024016320252E-17    5.36430979140661292975E-17   -6.60227619051098363108E-16
    3.95597540045168200029E-02   -4.57080696768042574599E-17   -3.00679062415116614679E-17    4.74345497201916510804E-16
   -7.08495503517165949765E-17    2.89768206030900886405E-02    3.01268106998715812228E-01   -3.67601355784990979636E-01
   -3.19418671006786387266E-15   -1.39392321590088821691E-15   -4.23579543572098095709E-15   -1.13738180989049193071E-15
   -1.25547621251067227470E-14   -3.61586375680616376381E-15   -1.01612704203457682531E-14   -2.70113399765034214030E-15
   -2.17007365322826131185E-14    2.46246756260879378117E-15    1.34129857793915044755E-14    3.70206203675223330234E-15
    9.47053693024257903232E-01    1.78214511359031158033E-01    2.19751659277970731732E-02    1.34740922489540908627E-03
   -1.00257578487796950029E+00   -1.58915347411998419958E-01   -4.51764918484344024652E-01   -7.58386289476172675839E-02
   -1.63294907637319103300E-01    1.03358220764571995254E+00   -3.78904883316238082214E-03    7.81450506274064017609E-03
    1.72868255936220710511E-01   -9.21653766319717293598E-01    7.78951723445742427732E-02   -4.39837681761947374426E-01
   -3.25421209001024818854E-14   -2.40792982803715125958E-15   -1.53146835535794634093E-15   -6.48561351267287280080E-16
    7.28798115258273440917E-14    4.05097471249609432275E-15   -1.16954393230375857378E-15   -2.73767070047398258206E-16
    7.84307471576819704044E-17    4.65907215523442066803E-17   -5.21334334302075175054E-17   -8.98670873042107791623E-18
    9.84933660314637215643E-17    1.39300522341119809676E-16   -7.37129065567727716762E-17    2.00795237593674463837E-17
   -5.63912740617680130354E-05   -5.67696340947771447075E-04   -1.43215678889436648369E-01   -2.24490145653659274594E-02
   -1.29025052467444987747E-17    3.09399638233547925779E-17    2.46823752711929861248E-17    6.15679376199667830951E-18
    9.72321628358784956691E-06   -3.29244141161500305029E-03    2.46938386162538735247E-02   -1.30196479832074607508E-01
    4.17919162305624593806E-14    1.77396201739298191512E-15   -1.59855678268666586221E-15   -7.10686788118587649228E-16
    1.08568893993789697494E-14   -6.71979247349839698383E-17   -3.78885772984593962087E-15   -8.08278831564912686532E-16
   -4.55381945288689179985E-02   -4.23205391951149163116E-03    1.00380578233618300565E+00    1.74290869026249350959E-01
    7.85188350389676679997E-03   -2.45444414130402792373E-02   -1.73080337175995635501E-01    1.01082644621293415987E+00
    1.68176132525632080265E-14    4.98186585550065253585E-16   -1.89893671827586308823E-15   -6.50600350535109691412E-16
    7.13244936194809442398E-01    1.86876072928532699358E-01   -6.97677716039058185616E-15    4.88459492137879869311E-03
    1.65234074981147438521E+00    4.98422764593433653690E-01   -3.38768909675159901710E-14    2.30822938187864833137E-02
   -2.46472669026437385398E+00    5.22533173063321032537E-01   -6.90964413145873859510E-14    4.48829871912306832549E-02
    1.43511035146781346800E-15    1.03489883767486573798E-15   -1.92635600260597058247E-16    3.40064956569917947810E-16
   -4.44335597252001421035E-15   -7.78825494704585690626E-16   -1.19780160751715630948E-15   -9.90899881477583817739E-16
    2.06576378657456634135E-15   -1.02463868820060732365E-16   -1.66364152664069852140E-16    1.01547999447963020198E-18
   -2.19727019249222525437E-15    2.86264518598967221528E-16    2.09979545107572322447E-16    4.56959417702711087613E-17
    3.04486070645661015266E-02   -7.67018988001628376772E-01    3.14131616220237602727E-14   -2.14542628107993564590E-02
    7.08582057845365320681E-01   -1.17652893426350296791E-01    4.05314020806560848560E-14   -2.60729921346397434945E-02
    1.53859216380372362115E-02   -4.31526701418885952344E-02   -6.46866551539351406526E-15    3.93034759989877024999E-03
   -4.30870179030294522381E-04   -8.09042716656936840292E-03    9.42256557023557483888E-01    3.34688816887290185864E-01
    1.42587651230178730400E-16    4.36287869258273410054E-16    6.89979123008614895706E-15    3.02357303591327352792E-15
    6.06151206627008123928E-04    1.13816699967135559479E-02    1.67445947059125271883E-01   -4.70842588031034348095E-01
   -2.63864455470194581665E-17   -3.39366524473393107084E-16   -3.46185897641481017443E-17   -7.10998685573269959425E-17
    5.80365340148458641600E-01   -5.03285273918081754729E-01    6.95066545478694474901E-14   -4.57111619290132067950E-02
    7.47041488335958958622E-01   -2.92175164515004581745E-01    1.48062737693168014903E-14   -9.36205584882939846614E-03
    7.25561678986309707309E-15   -3.85209120999017998621E-16    3.49788727027419762338E-15    1.65529198588301575431E-15
    6.40850845137214757888E-16   -4.19492560224213962465E-16   -7.39779985317800445534E-17   -5.57868574590860882019E-17
    3.51631462934719474234E-01   -1.27930876114578584435E+00    6.73422413997903275160E-14   -4.51390831775369746892E-02
   -1.25543076496928237788E-15   -1.65808275484279014086E-16    1.11851987995875576387E-01
   -3.27504296005607491950E-15   -4.30257550905409691888E-16    1.55408058664467524368E-01
    6.68449997713032031138E-16    1.02117886041721967580E-16   -1.51337371185740932056E+00
    1.41129735027990428631E-02    2.13205043834779114226E-03    2.02183969331009185368E-16
   -2.04952148749064699818E-01   -3.43655752687274801405E-02    3.58632967277527362939E-17
   -2.43341715638975162814E-03    1.23651513116134707110E-02    5.92903825551996377984E-16
    3.53386956268259624925E-02   -1.99308388988097023864E-01   -5.25793830451375374070E-16
    9.97513419568116095450E-16    1.80609178680346653877E-16    4.03950309447757172077E-01
    1.10405486558796542108E-15    4.01381788735222810675E-16    1.00435576572085105695E+00
   -8.30696750329410626120E-16   -3.57615234231288427683E-16   -3.62601756354067106258E-01
   -7.56191742439123218343E-15   -1.23155576942182649843E-15    4.72501466013698374208E-03
    1.03634901065270135234E+00    1.78990338359150347181E-01   -2.97188902846968679360E-15
    2.58049952791579784460E-16    1.73974034582007044340E-17   -6.64718394766217364478E-03
   -1.78691574956151427722E-01    1.03808173452171215168E+00   -6.94287800033819935029E-16
    1.63900458237336472299E-15    8.51531605021455597805E-16    1.56323629762970095491E+00
    5.20458278852499847760E-16   -4.14158422430120232755E-16    3.01445281432266010135E-01
    5.23770760127004741946E-01    8.81302826240528136559E-02   -1.09660411032150988626E-15
   -9.03107168347938721320E-02    5.11124999756656817063E-01   -1.91305861290169810218E-16
    2.76735325389196054744E-15    3.64265645012474845082E-16    1.07427611255291055592E+00
