    5.00421750780750573817E-01    4.72263790102365934448E-03    3.94962603868664018092E-03    2.05945693079348301569E-04
    4.55570995004503083523E-04   -2.21788992294667058891E-01   -9.86198758429928171165E-03    7.79784985091758761980E-04
   -1.48505998247358680583E-03   -2.12063453360398002090E-01   -7.04608699343429456530E-02   -8.95542223163477753983E-04
    7.57843179178778485684E-07   -1.55472208113421818572E-04   -9.22587270101532345989E-03   -3.12160854015048672139E-01
    4.21645476484026092895E-06   -2.22525734716582184966E-05   -6.33165729549686143868E-03   -2.20748742887879989549E-01
   -6.08001317380479694083E-04    5.09070497425679335812E-02    1.72985001343106931104E-01   -4.83052500388911863760E-03
    2.35779269331691884335E-04    2.23133692687560308832E-02    1.16665978677570988942E-01   -3.40191530145954757619E-03
    6.34968524577663828538E-04   -2.41337226172680663350E-02    2.24573981773656061733E-01   -7.18782168634066187529E-03
   -2.67843690628427849414E-04    3.88604945245798593517E-03    1.23639465451621424763E-01   -4.70515223200572429985E-03
    3.44326696920752305152E-05    6.18980228707572180911E-04    4.77375125063344077359E-03   -1.65386086706977486396E-04
    1.93185649565026712067E-07    1.78304963698086357403E-05    3.34013571340764387624E-04    9.68375104848136214475E-03
    1.95256641332179250679E-07   -3.02674112295104992009E-06   -1.25952634392028115862E-04   -6.01863302093328961934E-03
    8.55904798738655236880E-05    4.35875197624447860423E-03    6.15184286087167107177E-03   -2.20804591011396596700E-04
    2.36902054049275217302E-06    6.41766793115968836418E-04    3.89020376360173138902E-03   -1.22997048199955625073E-04
   -3.23575058031864867770E-05   -8.27717693293605477622E-02    1.89825943200276875400E-01   -6.54061424864828353659E-03
    3.84909442050563265457E-04    2.01060742815647661152E-03    4.13027867133696352520E-02    3.12801621447151689120E-03
   -1.20221016095702749562E-06   -6.37319793568093712370E-05   -3.45870475519829316882E-04   -1.40139967233892329818E-02
   -8.34410398463151880112E-05   -8.76706356906531853726E-05    8.60274293668093423260E-03   -2.04750699656593284715E-04
    3.09443667982275624501E-04    1.82603128588856022940E-02   -2.17387695479518035235E-02    1.01912647993980003320E-04
    2.88230025066825391519E-03    1.98599186663146291820E-02    1.26963711144656883623E-02    2.87092206242305775232E-03
    7.80166309008045594231E-02   -4.20452225903156645570E-02    5.57211245535592716860E-02   -2.37386168621888174468E-02
    1.41697176016196746406E-01   -4.47469866346993205841E-01   -8.12873112457360852412E-02   -2.64086610749019012889E-01
    6.95429779513814403866E-04    9.87023900852168969977E-03    2.38163967871153348099E-02    4.56789368750019075804E-02
    3.87232451837978106264E-04   -9.59545045932274601359E-04   -1.77931992095233873497E-02   -4.04713127329355756845E-02
    2.47721396332862164869E-01   -2.62481319122612015426E-02   -6.94719124229912776691E-02    1.04771551973136436975E-01
    1.74265012932366680776E-01   -2.46796871361159853020E-02    6.36652772768570851536E-02   -5.97535216947194594561E-02
   -1.70662104734179087551E-01   -1.00256524555083159633E-01    1.77293559768241265617E-01    3.17308760129870359723E-01
   -1.12625071542717059003E-01   -1.80844436756458587512E-01    2.02395743504145547709E-01   -7.47084879078030450472E-01
    2.91632724646661526269E-04   -1.07879178104133919419E-03   -1.74427595998674460354E-02   -6.07054982619799864130E-04
    3.98868118665979200406E-05   -3.18799866123107081273E-04   -3.09132029574564850573E-04    3.23893508065810841693E-04
   -1.91851327153580481389E-05    1.01541034628499526361E-04    2.18482921641475715717E-04    1.28357320840846353925E-04
    6.74702946547886452805E-03    1.12240270853634438800E-03   -2.33827575511859082208E-03    4.41718835851147122173E-03
    3.97466977425810306240E-03   -6.46763945707834919836E-05    8.63756903606863624817E-04   -9.35947058429778717958E-03
   -9.29819978000868685442E-02    4.87461201819903017229E-02   -6.44959257640880356810E-01    3.11486706570301918884E-01
    1.29629839128383213959E-02    6.42570237833086199686E-01    4.32475721185019146287E-01    7.69570019077355088610E-02
   -1.35299456628217435990E-05    1.06033765741483801751E-03    2.27639713266229205824E-03   -2.12822158314684463376E-03
    7.38365679109415171816E-03   -1.69178539502738028467E-03    2.83090976253131329510E-02   -1.37810172412631437577E-01
    7.54344829528879202291E-03   -1.06608724271047335813E-02   -1.27648171164262053123E-01   -1.92103626107686553670E-01
    5.78413326210005292877E-03    1.09363275654260863612E-01    3.00426701306198478889E-03    2.74104837935879364075E-01
    1.77826689879342358935E-02    2.73588420437732182666E-01    7.05554971885064691195E-03    6.34551902813859425301E-01
    1.45308752683976361020E-02   -4.23875258575575175612E-01   -6.10422415360977865112E-03   -9.58553201679199884389E-01
    4.80851533311539180993E-01   -1.65445883343303713764E-02    2.03503520413034350023E-02   -7.51351237636057722041E-03
   -4.32297058972576586644E-01    1.38011384672319069311E-02   -2.08399283347630109864E-01    1.23050126047092329290E-02
    6.34524900052433130093E-03    4.45726609178917765330E-01   -9.76259674957989133370E-03   -1.29179936559803948404E-01
   -1.18005385634791376548E-02   -4.77222671183864466382E-01    8.01914350646156133540E-03   -6.13057829909574997229E-02
   -4.18074241239131186298E-02   -7.68616996856840706265E-02   -1.35592500615154825001E-03    3.86374186812834044535E-02
    6.68105533589617717194E-02    1.97022793406279095318E-01   -1.05217086979014270293E-02   -5.10367898192479518826E-01
    1.18059644702310831930E-03    1.98858525492634323484E-03    3.26823578312710502462E-04    7.55634547321948606829E-03
    4.56810289732361828746E-03   -5.16291663468467767681E-04    9.40188715580868479560E-03   -9.60153700009698475235E-04
    1.03076262098885881348E-03    7.51212096103638193693E-04    7.05063365402545660920E-02   -1.66675873216063871220E-03
    3.55638994282144714498E-06    2.91346892355059151891E-02   -1.08817115957318818684E-03   -1.51823666503441596920E-02
    8.75872043252935825360E-04    8.33435543144540012805E-03   -2.93780392285450104965E-04    4.07825616851952617997E-03
    4.51063257162016319202E-03   -1.78042732901903116849E-01    1.59129870186802899190E-02    3.55998059983665626760E-01
   -4.00888118196423767770E-02    1.91531549112051557859E-01   -8.95984058193699008099E-03    2.56984977714219853251E-01
   -2.81987169981492008519E-02    9.07182032929427020762E-03    5.13774732766214103918E-01   -8.98027480022437277207E-03
    1.31349346685328965956E-02    1.66714192630158623831E-03    3.28596714618446328685E-03    3.16626119859984400673E-01
    2.05429442622939092966E-02   -1.90806404320689182441E-02   -2.65810913772435760544E-03   -1.71516329378038817621E-01
    2.19532050592615102236E-01    5.54092284153825387349E-02    1.04604899473708518043E-03    2.72940222028954238009E-02
    5.23511490750831143259E-01    1.50653081317416726037E-01    2.42414344188781076192E-03    9.25495554515974316878E-02
   -4.53632877244004861783E-01    2.84391289140291159132E-01   -5.38484106971514817075E-03    9.73956696605864508109E-02
   -3.09200910342642383902E-03    3.28291554440109014518E-03   -1.17714364450637563875E-02    8.94754998715719708502E-04
    4.79990598108985793563E-03   -4.91154247641698710192E-03    5.82893395716145082397E-02   -1.79242375854467782779E-03
   -1.47032699724279153353E-01    5.83137560084046255304E-02   -1.41599146475478296012E-03   -1.45916282187685181215E-01
    2.98866933460426476010E-01   -7.61554443675661191238E-02    9.07213182003535536374E-04    1.14213262242717453199E-01
   -6.06465837228764917399E-02    3.98901212180433284438E-01   -1.55730032639781672092E-03    2.91493664591517438744E-02
    1.86512044617782257738E-01   -8.63241716399734682064E-02    5.85498045748305911105E-04    1.02229725073515104183E-01
   -5.03191108536405352220E-03   -2.59534884899648016221E-02    3.28281719759094376375E-04    2.14606894637318253161E-02
   -5.78183742806001078895E-04    2.43003441851460163375E-03    4.84312100197998307571E-01   -3.72244710862998113426E-03
   -5.55716207071836826650E-04    1.07641641680909674710E-03   -1.54154595473595720095E-02    6.91178173751115032877E-04
   -5.13778123104506323493E-02   -2.51368028432623477272E-03    1.66994080861702660218E-03    2.25575584397778444723E-01
   -3.89817510368915126628E-02   -3.25868528200272053463E-02    6.36446076514159308270E-06   -5.24223501439482000852E-02
   -3.26015532879856684279E-02   -1.71685597484634328014E-01   -1.10173211866530676266E-03   -9.67370988166066231306E-02
    1.53146442764787726887E-01   -1.54588831549659244669E-01    4.49946499680745504862E-03   -4.36992271162173415155E-02
   -2.16731220425903613191E-03    1.76899380016822850570E-03   -1.53524590179846577576E-02    3.81468013529455592103E-04
   -4.47304923448888558379E-01    1.13513233989556872050E-01   -1.21155812450429961440E-03   -7.22952955895437426870E-02
    5.89205570226352115526E-02    6.07551441231414357524E-01   -2.91883188585000553222E-03    1.05232719172980840328E-01
    7.64307887042181013058E-04    2.43290457783319029328E-02    6.85308725130054641195E-02
    1.58965070831905506271E-03    6.38146483670260500354E-02    1.03174879759253254607E-01
   -4.36431398542618930597E-03    6.81001013764338941625E-02   -7.31696200710407307355E-01
   -9.88010572011403798154E-03    6.65341064806318147062E-04   -8.13707502223524588650E-04
    9.59874597908194487905E-02   -1.42463718094080950965E-03    1.50578471299455361743E-03
    2.36722508454091751609E-05   -4.71317076033712020755E-02   -2.87157553317274813476E-02
   -8.24437764549402975385E-06    1.16600868604929852612E-01    1.97037109968713902708E-02
   -4.03750088504788054271E-04    6.72819363337968101568E-02   -2.07506306825051278775E-01
   -3.84809509945324311128E-04   -1.96330473572291913653E-02   -5.41371644827377762610E-01
    1.35614796351249340721E-04    1.76953638027745503714E-02   -1.77443131666956466219E-01
    1.72731150655026192975E-02   -3.63659911880447083484E-04    2.39558669350508029842E-04
    5.27137082283866797994E-01   -1.80426442416450612087E-03    3.04212666442081798319E-04
   -2.50355181223290020574E-04    1.34705551823422493146E-02    4.22343403285236965172E-02
    1.90169375709745274577E-03    5.38522288167129770109E-01    6.96763749812767257952E-02
   -1.32147083926850879287E-03   -5.58706267275755896762E-02    7.95964804326047326022E-01
    4.37559751177634802949E-03   -3.26312807298396595490E-02    1.05050448526194231680E-01
   -2.62307411706356907732E-01    1.30717847028620276148E-03   -4.37629756410339346671E-04
   -7.76107343636235407977E-04   -2.12079214360571782771E-01   -1.13831789656517585151E-03
   -1.48480257982957640668E-03    1.12920949594390640502E-01   -5.38844100809466430846E-01
    5.00520328895497135235E-01    7.74639867658891926455E-04    6.08415319992053967198E-04   -6.56566252314013840911E-05
    5.84713148126493327365E-04   -2.36359048049739978170E-01   -7.94874158124082158539E-02   -3.10949489444426415189E-05
   -2.43110802369933456241E-03   -2.40226281981991168779E-01   -1.60955260954153828168E-01    1.17248000151294390001E-03
    3.53671498210077519850E-06   -1.63200623092556537262E-04   -1.65046495300855849443E-04    3.47027340334250200549E-01
   -2.57037886515611609038E-06   -8.98966211693268260141E-05    9.32861738273735302670E-05    2.67360122622809059934E-01
   -4.30046364480181830467E-04   -4.33024841726836473565E-02   -3.63644721454353739287E-02   -1.61027330788207211510E-04
    9.97963203292672124470E-04   -2.10645236984076111852E-02   -2.37621303537589242949E-02    1.31971139096206572334E-04
    6.50744502578258282241E-04   -5.38642571633197383973E-02    2.53375884672057294367E-01    9.65638358821250625480E-05
   -2.22373565369474889735E-04   -1.62030475198245214712E-03    1.40027106482753543881E-01    1.19450714857158367226E-03
    4.43172833366667129123E-05   -1.62835869185951314514E-03    2.24842320847987294993E-03    1.15504695217023161703E-05
    1.03257552394453237986E-07   -1.19745101190735074738E-05   -1.31529238966785870659E-05    1.00157105099987027083E-03
   -2.22134380581263625895E-07   -1.28483649299261566576E-05    5.69536375664290897124E-05    6.93438098795929897672E-03
    1.19666515849074098026E-04   -1.86301750753428154404E-03   -2.59844484056318805656E-04    3.90236708345534702696E-05
   -4.49585003480737968183E-05    3.80180024575786754300E-04   -9.63033421013949168799E-03   -1.64114461133834496917E-06
    9.14438569045051966640E-05   -1.21331478947754797804E-01    1.62603801777666201467E-01    1.70646899494120970813E-04
    8.16552818581839449366E-05   -7.44882311301619561006E-03    2.83614617488444388516E-02   -2.96167357506245702489E-03
    3.86530449226967237923E-07   -7.14807293967266790813E-05    8.11906122424984255312E-05    1.59333448153181483908E-02
    1.76242456096012903982E-05   -1.08684008086601109448E-03   -6.66655455271642459480E-03    3.14125677514371691250E-05
    3.63725848213222388572E-04    2.47099290927898958270E-02   -2.00398319403514470205E-02    3.68891342311958173386E-04
    1.12615154150100312686E-02    8.20705893520426617294E-03    3.99979949842619864064E-02    2.51640048229411876501E-02
   -7.33809259515862261081E-02    4.64436534705984713223E-02    1.41356920419438397696E-01    1.34452087030187794614E-01
   -4.01685139832345439181E-01   -5.52385228739178148205E-03   -1.30511063084959327840E-01    3.86573625702454959363E-01
    3.69649302168141872735E-03    3.51157777557162958937E-03    1.06869934644367239884E-02   -5.28132016986593202240E-03
   -6.95299430971014218242E-04   -1.29476208323820243806E-03   -1.31049543358958183598E-02    7.11062483372516297708E-03
    2.14372361663236588036E-01   -2.52907099168126259237E-01   -8.50818736484993398683E-02    3.08019077455579382008E-01
    2.59180058153424874856E-01   -4.19859592938500891801E-01    1.81925259074160600159E-02   -5.57907961330739388117E-01
   -6.65844894379318680278E-02   -1.17973665495124377389E-01    1.75307100029524431939E-01   -2.48558324148897058503E-01
   -1.75545348962796221581E-01   -2.26392314140264477862E-01   -3.09556429505269438407E-03    4.73565393590551608760E-01
   -3.35312519180351598092E-03   -1.10583868167132579681E-04   -1.59912907401958924447E-02   -2.88857487294135470771E-03
    5.15713297494371653300E-05   -5.90689899033423453925E-05   -1.73461415407006019473E-04    1.78682991034448347602E-04
    1.37442482338586487341E-04    1.32677072354725066224E-04    3.86587235650654782206E-04   -1.90919908472301929107E-05
   -2.67900943576704223328E-03    2.81740002332001157268E-03    6.16886084208634853654E-03   -4.31760934904423104852E-03
    6.74118460262727869914E-03   -1.95063018837145110522E-03   -8.83681957626266181838E-03   -1.19840161173211633139E-02
    5.98720071769931125316E-03    6.28922474933771846750E-02   -5.87808317307978001054E-01   -3.45322919947611051139E-01
    5.84206257943565177015E-01    5.94467338092757535684E-01    5.35842221915111771580E-01   -2.10719175158963351047E-02
    1.18359104876981967649E-03    1.28336190784696687998E-03    3.61761506860116275122E-03   -4.29117023862944136931E-04
    1.43953252854969650926E-02   -4.36007365714860019301E-03   -2.92746268890093711001E-02   -6.39739516613374581411E-02
   -1.55854703571072488594E-02   -8.18749444414254567981E-03   -1.76903585193477708160E-01    1.03572829576281458253E-01
    1.01156852351851709454E-02    1.20174983141305515878E-03    3.10146467507652512808E-04    1.04451384571806384777E-02
   -3.47771223453266118634E-04   -5.17097917274607268151E-03    2.69276068764486399901E-03    2.40104585031487633882E-05
   -1.75803283747952648897E-01   -4.59999227666000112813E-02    1.20806484964379092645E-02   -2.24697468760509388996E-01
   -1.45688347764935416384E-01    4.44841631076207000284E-01   -1.36932667769110660242E-04   -8.88230333450940393036E-03
    2.01650522676906113206E-01   -6.11141052009176899418E-01    2.51637886258932463868E-01    2.97668374162355468815E-02
   -2.77611121413266215274E-01   -8.14844055859658689123E-02   -9.02893210543252548728E-03    1.86292565546667732157E-01
    7.78604029947890685648E-01    2.47852263602761468952E-01   -4.41702039659301864266E-03   -1.14217307580676247225E-01
   -1.98369947766400489542E-01   -6.89824655989700885605E-02   -6.93596742640049945816E-03    2.00308662938674109100E-01
    3.49856785512807855199E-01    1.16826745059291192685E-01    2.48999542425391573452E-02   -5.32454437132479529993E-01
    1.31960180818146738564E-03    8.53700146750451189029E-04   -2.79928157856987607117E-04    1.79201639528677294025E-03
    6.52145325097337486692E-03   -2.04504233141157253095E-02    7.30079148239219221511E-03    1.23566346748119450585E-03
   -5.40191939154909309649E-04   -1.05349589720353563685E-03   -8.02390846765484722081E-02   -5.38623850329098766837E-03
    6.07667242353197509241E-03    1.68205626052044302475E-03   -7.13111149102394273336E-06    1.61652652507366734538E-03
   -4.66310711002067279640E-02   -1.70549305661475830709E-02    6.77997531360589444221E-03   -9.80958374593660503704E-02
   -8.24818990775610244581E-02   -1.01893080208281475857E-02   -2.23854461922365910453E-02    2.73784311336346064536E-01
   -3.29020588392964608015E-01   -1.33340470458951004806E-01    9.28377641874744631741E-04    2.78738732520852794394E-01
   -2.95603051257883409422E-03   -1.17831813263912336953E-02   -5.01628562696209256977E-01   -3.16341598380004765390E-02
   -2.51410744741247416112E-01   -9.00955059176964112577E-02    2.81388244020417156721E-02   -3.92759009509406509242E-01
    8.89707466053116374782E-02    3.20211549609213247392E-02    4.80758083407931569725E-03   -1.00287217792233790403E-01
    4.18994917748205852881E-01    1.24826153307580692275E-01    2.20707655802488932062E-02   -4.88589101938806863240E-05
    8.83855089225998646896E-01    3.15877937681651677071E-01    5.71417057708641026870E-02   -1.52688542071515142564E-04
   -1.85473978125083860391E+00    1.51204036183644946467E-01    4.51640881343325500952E-02   -4.42083947333290659069E-04
    7.29155716863110750156E-04    2.29856594327836971994E-03    2.61865882807376260805E-04    1.86099040567604782914E-02
   -6.91691106228673239197E-04   -5.23670336997917977573E-03   -3.56123269354339144939E-04    3.81983714182918751567E-02
   -4.63312251324652368822E-02   -3.52281234043631055752E-02   -2.04841650694660461218E-02    9.47739884704667287074E-05
    6.92691478883634248476E-01    1.16534861802710582035E-01   -1.18303144447994418309E-01   -2.33305697015574872374E-04
   -5.76058206147048168511E-02    3.60375410739795398740E-01    1.99749573638177066459E-02   -7.94888254642678169408E-05
   -3.52978649742389960497E-01    1.33146349477545195006E-01    2.53593319313608206444E-02   -5.79767611211616930127E-04
    1.62114052487726048590E-02   -1.95435967510023296534E-02   -2.79689114610896490468E-03    5.11601960516940490117E-05
   -1.73942593310218726957E-04   -9.84867089938157996842E-04   -8.43991591015743388565E-04    2.63892028471042150439E-01
    1.56332804142226758489E-04    1.14261792447504150969E-03    9.33759978653105212308E-04    4.49218855496402058591E-01
   -5.21007600193342870765E-02    1.50757068404381113814E-03   -3.74672322358642187262E-05    1.04860397096545772400E-04
    1.06804408105653052263E-02    4.81872400548954971100E-02   -5.04878695785057840517E-01    3.05191761606182321125E-04
    4.95637073586542964421E-01   -2.56473136696038273019E-01   -3.75173584815666205650E-02   -6.54192539627551682482E-05
    1.46805000397658258482E-01   -2.21893922015788364055E-01   -2.17821383908760081438E-02    1.25003725156103942702E-03
   -1.19810362941028054526E-04    1.78103813255040314099E-03   -2.75033126199166453891E-04   -2.22989382098595256831E-01
   -1.93387366274635520702E-02   -2.40799461967265114593E-02    3.12180571525664418697E-01   -2.67512301977119982231E-04
   -1.96700807797078297545E-01    6.50988735896609660436E-01    7.46060913983558338103E-02   -5.47291173301386359162E-04
    1.28216728122439681519E-04    2.36089768525149179546E-01    8.36066632626585315435E-02
    4.80231918197150978948E-04    4.28062264773213907443E-01    1.81304210742832372372E-01
    2.19970277874332329274E-03   -1.50956873439661887204E+00    4.81149923703600088110E-02
    4.37356313084479725317E-02    6.50453510743017758369E-05    1.09509218285336307717E-03
   -1.85538014285399371905E-01   -9.57729469968970957647E-05   -3.08919468285145720418E-03
   -5.76983712880580509701E-04   -4.39363871280311801999E-04   -1.73616803627649196606E-02
    9.25597287298203356444E-04    6.06354143190806715857E-01    3.66661069701441300062E-01
    4.63538142215943983412E-05   -1.25704996782902589381E-01    1.34450479231298158922E-01
    2.60842487134559401427E-03   -4.54986602825846353504E-01    3.73307547183185262085E-01
   -2.58680407601289048293E-04   -8.88422651021844866914E-02    1.61495939489576217918E-01
    4.53293818525652592033E-01    2.17145432247456816963E-04    8.95208777332298557411E-04
   -2.69227802679648908768E-01   -2.30965364482620214449E-04   -7.43175565082590311103E-04
   -4.72218321830580791548E-04    2.42230467151905021206E-01    1.62761155605001928137E-01
   -9.58775824108182446980E-04    5.92421377289511184860E-03    1.12642408041731343499E-02
    6.79063139466670024312E-04    7.24179372320233549765E-01   -5.34472467177580456976E-01
   -5.90582679674125400615E-03    1.03598258753943878174E-01   -1.76393538450195147549E-01
    1.65862851936325328417E-01    3.88276417019419627574E-05    1.34944998820783431705E-03
    9.63874701677625272261E-04   -3.84301455426277888128E-02    3.57271954407994247419E-04
    2.34838163053975807273E-03   -3.83512251080396104896E-01    4.13247770875916853317E-01
    5.00520223842196299024E-01    7.61226974379510391670E-04    6.62619900381091874592E-04    2.33651103307698200864E-04
    5.84689577207433757930E-04   -2.36427284864843378909E-01   -7.94651868575455694321E-02    1.05602754065565671016E-03
   -2.42617245209750080626E-03   -2.40439396085791456947E-01   -1.61984800178567672768E-01    5.93049901067168911024E-04
    2.16040371284119182249E-06   -1.81262395688074794608E-04   -2.66821194819652040935E-04   -3.48784896939914934588E-01
    6.24593414697376260601E-07   -5.45632652326389841480E-04   -5.52648817771248706057E-04   -2.65482654275498497487E-01
   -4.31163386018193570820E-04   -4.32855804707219585237E-02   -3.62672507631559212782E-02    1.19479685061933246152E-04
    1.00430535398945042398E-03   -2.12529522996449601879E-02   -2.44614670430820246860E-02    7.93481920905378173767E-04
    6.50618295999029483401E-04   -5.38971811868524594558E-02    2.53135243273905963246E-01   -7.34465130132393209493E-06
   -2.15143981401374470097E-04   -1.97314667993492114106E-03    1.38761746084638704080E-01    9.37820333919796994548E-04
    4.46774588464045831660E-05   -1.63823190655177025957E-03    2.21471070885609702672E-03    4.14786503400092941497E-05
   -2.06953519184776707380E-07    7.42007721261278433045E-07    2.45982654754047308106E-06   -1.07071447729426656378E-03
    3.62609225549004467875E-08   -2.54101894350589434788E-05    3.32816690977737978459E-05   -6.89761862679419499728E-03
    1.19992741328995151636E-04   -1.86686759983106082515E-03   -2.72909397308003552965E-04   -2.64098494252545647415E-05
   -4.48270448175804494943E-05    3.79991689134584833838E-04   -9.62865442091834396188E-03    1.15929439360487210474E-06
    9.21726178683580780245E-05   -1.21485044812473005904E-01    1.62136551200907003123E-01    7.77575811950288547057E-04
    6.50303119929367270209E-05   -6.49651498094312718212E-03    3.18954152961491363416E-02   -3.92657850034976163567E-03
   -3.55383491174117159057E-07   -9.03177415916717003992E-06    1.27876044242699015959E-04   -1.64231124157431310207E-02
    1.77909140687419017499E-05   -1.09793768893242673322E-03   -6.67139769407007129920E-03    2.80110762693267916499E-05
    3.68321818312225340245E-04    2.45731513054505482097E-02   -2.05188971555220235621E-02    2.75500020137239615050E-04
    1.25697168454107170016E-02    8.55306542451867400645E-03    4.19454247549963660235E-02    2.27500667856890478880E-02
   -6.58264492878781609653E-02    5.62179487903124650017E-02    1.50507384072454064583E-01    1.28070216341394038650E-01
   -3.96599645431363889703E-01    2.36608827533663391984E-02   -1.12308011538968549603E-01    4.00971434884052957415E-01
   -4.53950261713261579016E-03   -3.65615029045201827759E-03   -1.00430055265825230598E-02    7.33928028950085135224E-03
    1.10128654007727341639E-03    1.06466728474113826383E-03    1.22130953905973289875E-02   -1.02111414389448387774E-02
    2.00826771002604403948E-01   -2.63110649763559578673E-01   -6.47165782547982765260E-02    3.32149686966460577775E-01
    2.27817398798939446669E-01   -4.39661449958635486279E-01   -8.37937780377113333730E-03   -6.03742487114726888997E-01
   -7.62206152299462896815E-02   -1.13983140163808310819E-01    1.67799232134809572781E-01   -2.40270670999430779879E-01
   -1.86502839713858892257E-01   -2.11610147594808339910E-01    1.57253405747199981324E-02    4.47816297736552071385E-01
   -3.39209888199899518152E-03   -1.79658425022005640811E-05   -1.58801943779400302204E-02   -2.15672128407528489527E-03
    3.29095012262986381609E-05   -6.08966747725862167116E-05    1.41433857644948928096E-04   -2.50476179482270156721E-04
   -1.70684035395697163845E-04   -1.75388725547852194478E-04   -3.01515915361071963358E-04    1.00197887587850619222E-04
   -2.71102688859881871958E-03    2.79646685023937028453E-03    5.41043429407318809954E-03   -5.13854311276655453117E-03
    6.68755694068156811283E-03   -2.36397156779330312737E-03   -8.51413166799298327947E-03   -9.91450742387405686840E-03
    4.18329518042929830723E-03    5.44905946081996814256E-02   -5.96062882502623958558E-01   -3.03417602613641756992E-01
    6.18099078317286720896E-01    5.53722189187391022891E-01    5.15537539771228625618E-01   -4.25544838106882011841E-02
   -1.18556930177055302317E-03   -1.06423453424376690361E-03   -3.68440073704325282006E-03    1.07920127050544823778E-03
    1.44959758781494172514E-02   -5.09935191891266841047E-03   -2.71275071355741165258E-02   -5.18600003000347226090E-02
   -1.66952644204993276567E-02   -9.22432049698208161859E-03   -1.75092136894799410562E-01    1.01981638815583655622E-01
    1.04149234412650431442E-02    2.24978622295723485261E-03    5.20096441156385025199E-04    1.31605806078191021891E-02
    4.73686833133617809372E-03    6.76938928167973314604E-03    3.39192938558575528968E-03    4.75228106423759757287E-03
   -1.50303295341438325483E-01   -3.33452167015194133118E-03    1.29548611093107685771E-02   -2.44960935785621336525E-01
    4.56796355129216319346E-02    4.65153159082095257748E-01    2.28328599186007480393E-02    1.12680610414244240097E-02
   -6.38142875301535433819E-02   -6.33114179680654531879E-01   -2.84694400008001835545E-01   -3.65808109607804743391E-02
   -2.69772106585877136098E-01    1.61350712474811891495E-02   -1.22003393490501561153E-02    1.80688533967204995045E-01
    7.68590598398763980015E-01   -6.31384056256599907053E-02   -1.19673508223907014078E-03   -9.83602604716874301394E-02
   -2.20182417369868876911E-01    2.51770256576825321448E-02   -9.67700744576795862661E-03    2.04186590982056992427E-01
    3.96022524901980921275E-01   -4.23793666598610285767E-02    3.16006419486186407308E-02   -5.44025197986093389524E-01
    8.52292306814901438373E-04   -4.42283042768869087691E-04   -3.01464679045961210253E-04    2.00484384307649844692E-03
   -2.07317092173543195133E-03   -2.26412377668265205055E-02   -9.16678282567087721056E-03   -1.55702943538623436552E-03
    5.12021460307150017531E-04   -3.38881919506783249249E-03    8.07656013784151666224E-02    6.53325639176839060435E-03
    6.48097709186752635180E-03   -4.12867257329984607868E-04   -5.76804528098850296494E-05    1.28999083546272371587E-03
   -5.00030310999208874034E-02    6.75070460372230625457E-03    8.16307941178490148459E-03   -9.79352028853530537367E-02
   -1.18649627713516281347E-01   -1.16002083194395371954E-03   -2.59622627731875242618E-02    2.81713854405605090836E-01
   -3.31878532700981276893E-01    5.55794388176975920346E-02   -2.52990196667205033063E-03    2.82119236128682948639E-01
    2.93982339691306387638E-03   -3.51063388431014714031E-02    5.00088717838517382575E-01    3.82244718588784990199E-02
   -2.68884578108168237343E-01    3.42973209856355584768E-02    3.37622595556097693237E-02   -3.91609423734776362913E-01
    9.95962255886427283436E-02   -1.29533324088727617301E-02    5.65846371906835853699E-03   -1.03511888376169758352E-01
    4.15902061332260708504E-01    1.32198443681953742290E-01    2.23708253163243733774E-02    9.67409808547036364958E-05
    8.76222777647204020823E-01    3.31853391562386301761E-01    5.78157445470065672888E-02    2.53552578464940486531E-04
   -1.85122512242022896345E+00    1.20942201747190267169E-01    4.44476464644545238292E-02    3.14025823073726907328E-04
   -1.92483465301293349067E-03   -2.43518533892980422809E-03   -3.13283660801836130738E-04    1.83826456523944713195E-02
    3.29788839308048668461E-03    5.30419705309981802388E-03    4.13009541825443658725E-04    3.80654445815157560506E-02
   -5.01650233664664019217E-02   -3.33325009292923454818E-02   -2.04092619495733450241E-02   -1.37262562705884737669E-04
    7.02953628410104891522E-01    1.18476334485788703521E-01   -1.18210225056213896755E-01    1.28645698778032682935E-04
   -6.65245354951026629520E-02    3.59009205252112273410E-01    1.96908435643216583877E-02   -2.52999743903432394311E-06
   -3.45006789703425187366E-01    1.27529081108353814500E-01    2.59488510591273542627E-02    5.23470289889477928894E-04
    1.64693387135826131706E-02   -1.92958325647213865817E-02   -2.86519665972182879105E-03   -3.05382809543066992600E-05
    5.22808343343415912914E-04    1.02524102207195849656E-03    7.55168863157317719718E-04    2.66944752095225612543E-01
   -4.27517901248738215868E-04   -1.10588121301913051148E-03   -1.21303280394039229503E-03    4.47379486078052057696E-01
   -5.25407358811252819808E-02    7.84873516898692094070E-04   -1.41603940400548305219E-05   -7.09812285276310535927E-05
    1.06391960439653158327E-02    4.86082057655945545815E-02   -5.04818965838292998960E-01   -5.73050288673854105008E-04
    5.02830493360979291495E-01   -2.53825883240591632095E-01   -3.72134705037993618326E-02    1.28938629745234845537E-04
    1.28818904382649285223E-01   -2.08220268438160993618E-01   -2.26065112101217040308E-02   -1.17193124215598729054E-03
   -2.87766353189158159091E-04   -1.59455603744206465128E-03    3.95492691250167295678E-04   -2.22150461706051488564E-01
   -1.78000119282565039125E-02   -2.36796745269170424986E-02    3.12349441058878962707E-01    4.31874271878722232245E-04
   -2.02647087720344981632E-01    6.46357120619209135626E-01    7.47804239443237567242E-02    5.86535142336632397096E-04
    2.94981795334085306927E-04    2.36443495516381357868E-01    8.50034940247816894754E-02
    8.50150977524927469083E-04    4.28656176541425015802E-01    1.84260864863745071895E-01
    1.71591004397402707195E-03   -1.51258377139382549359E+00    4.22549575581766673205E-02
   -4.64505239132071076624E-02   -2.96131985089175204032E-04   -1.11535137211392961637E-03
    1.91955735575540575866E-01    3.99587414314016113603E-04    3.12435650972605477582E-03
   -4.69608758432126177987E-04   -8.68875540675110116275E-04   -1.67260650304892725948E-02
    9.83479029576314481634E-04    6.08742335659106292844E-01    3.65640386882739198970E-01
   -4.10519104652087293362E-05   -1.25416698536265192043E-01    1.33263235200454854823E-01
    2.68673942664151297124E-03   -4.56758130868163525484E-01    3.73349190460051938434E-01
   -2.26114051185061069480E-04   -8.88769128783973294539E-02    1.61519248464797371412E-01
   -4.51516190883598900196E-01   -4.19112894611284162762E-04   -9.76717013802867912997E-04
    2.72198362510271074655E-01    3.25513823094629602649E-04    7.13968697368488956594E-04
   -6.33145488685444971823E-04    2.42248954127728066688E-01    1.62628737999939987358E-01
   -1.00865457768483778728E-03    6.10190120618043715939E-03    1.11398937160599297708E-02
    7.27864568986118362290E-04    7.25516196371493560235E-01   -5.34512916735024878889E-01
   -5.94357652829970248970E-03    1.04131466798683097741E-01   -1.72885227102390209852E-01
   -1.68935383855094933825E-01   -9.13850037483435070863E-05   -1.33213074834489814818E-03
    1.03473927637957245455E-03   -3.89060643580521406393E-02    8.08037543945739960768E-04
    2.41715703135034123278E-03   -3.84202872871506284636E-01    4.11718046331231768420E-01
    5.00421264459952497283E-01    4.83844523333939319221E-03    4.07870435641804422039E-03   -1.34988579568972325235E-04
    4.54313293512742402778E-04   -2.21642130894869227031E-01   -9.80657670679901775912E-03   -5.94130864728874868628E-05
   -1.49028204135667123424E-03   -2.13194368705736103653E-01   -7.20560735327810120143E-02    2.23439446610111105626E-03
    5.01116184724912823580E-06   -1.43849698950065588285E-04    2.80016916749172093543E-03   -3.14430364235250059401E-01
   -6.11765464749733138496E-06   -4.69118795911566772907E-04    1.78128346763692228284E-03   -2.19366791275843769915E-01
   -6.07477460390849180634E-04    5.09392544538836491985E-02    1.72274356731976746593E-01    2.07161551506010081043E-04
    2.34981346778870557905E-04    2.22460329086462092751E-02    1.15980349683518918491E-01    3.88849496677274154930E-04
    6.35570078806437627726E-04   -2.41832813580106706364E-02    2.25105039923970767779E-01    3.42489066016277978952E-03
   -2.71290696682339083252E-04    3.65200792114750644526E-03    1.23895240036245954385E-01    2.37428531919191276867E-03
    3.43084214185221462708E-05    6.04951073254061293463E-04    4.76540532223972829184E-03    8.60015245697074066662E-05
   -4.67086293742583920081E-07    9.10917869946019796083E-06   -4.21964583658854158255E-05    9.79215718813741808901E-03
   -4.31112198202140104523E-07   -2.13265729910037371542E-05    8.63041425124932537038E-05   -5.96800686368050524455E-03
    8.57617048061576310114E-05    4.35440001055792304946E-03    6.11791315535023614430E-03   -3.90597911904846963852E-05
    2.23191096582777315062E-06    6.34306337318926434336E-04    3.86787208558402083661E-03    3.84657274473604855291E-05
   -3.65639466753082961552E-05   -8.31091498968024172678E-02    1.89833522668376136755E-01    3.84447203414908398808E-03
    3.98764314785076713632E-04    3.52776216443783296670E-03    4.29703340197527955402E-02   -5.34815610706889949660E-03
    1.41226698889194614029E-06    2.29599359678976362806E-05    2.78067834254088776767E-04   -1.45984114059101409422E-02
   -8.28933467545458607098E-05   -6.25657715097996717200E-05    8.62863946655041853806E-03   -3.83442558358406283131E-05
    3.06872226238665143320E-04    1.80099336744501056784E-02   -2.19918423067491444756E-02    2.66706995997130166288E-04
    2.72599447406711697245E-03    2.03932725212823059979E-02    1.15870955498704551051E-02   -9.08936827464671895501E-05
    7.78766253018180476531E-02   -4.23534509399018307962E-02    4.85335251216250929129E-02    3.10419399463208907364E-02
    1.43302612359151260168E-01   -4.56916378591420146993E-01   -9.64887373237108963986E-02    2.62567131015271792993E-01
   -1.92143510137814934810E-03   -1.16143741894091014760E-02   -3.02695963074181423336E-02    3.36626714300845009120E-02
   -1.16371792423819410064E-03    1.87333338321310233915E-03    2.32305710501294303272E-02   -2.98234909103290354859E-02
    2.48514171189374577509E-01   -2.58276135934936840188E-02   -8.21382070568397459898E-02   -9.40785621517758324783E-02
    1.74680082641083894712E-01   -2.41425804219112423443E-02    7.37829526922506168107E-02    4.88401625036619171927E-02
   -1.69663473874326981017E-01   -1.11454585654757354352E-01    1.63609823231170764535E-01   -3.26275474166156320699E-01
   -1.11903946009103805181E-01   -1.92396836156921241523E-01    2.13758094625039418712E-01    7.45919430720515475031E-01
    3.29266244621627521185E-04   -5.40375876155429622945E-04   -1.77906118309339444927E-02    1.45550836290354174141E-03
    1.28798625118973033600E-04    3.52829032418445511215E-04    3.48422743505900109166E-04    2.54725868512381884139E-04
   -6.18195816421978375189E-05   -1.50280563608380754882E-04   -1.88665516138458765408E-04    1.29067127955867245190E-04
    6.77502710331323847875E-03    8.74116431616690173906E-04   -2.88920260526436337156E-03   -4.02003836603755018014E-03
    3.99268370256423976716E-03    7.47390703737099557817E-05    1.26873781369536329199E-03    9.30018275281297400470E-03
   -9.17756540266661535732E-02    7.06405847605807019063E-02   -6.61558897564562875537E-01   -2.86908268402247368378E-01
    1.05641301872083457486E-02    6.53448955094493300066E-01    4.88139466561495982688E-01   -1.03890083321814041817E-01
   -1.64100499808243652060E-04   -1.12280944542638826816E-03   -2.82855409854828199895E-03   -1.40872075023549896654E-03
    7.45120120209818125045E-03   -2.27794231758282140002E-03    3.14255322615086124527E-02    1.37047261918563229033E-01
    7.75369208261079880667E-03   -4.95051756704655530894E-03   -1.19415882375318790909E-01    1.95123139847783094725E-01
    6.95176117155273023268E-03    1.10077994527080030851E-01    3.71781153648490523059E-03    2.79585305795661542838E-01
    2.01156535000674152602E-02    2.74115461272006866178E-01    8.75226269940180580387E-03    6.47250819324760251483E-01
    6.11012127860920909589E-03   -4.38401930701737496676E-01   -6.91349320631694328615E-03   -9.79371755071273275561E-01
   -4.80230437078261795936E-01    2.12972395204914927147E-02   -3.52634715517086139158E-02    8.52503896349837003710E-03
    4.30747412703502696729E-01   -1.74159883444306995415E-02    2.23778839790959832579E-01   -1.42216017655144803117E-02
    1.62778685476401528687E-02    4.46064363724450851922E-01   -1.24544537844630907181E-02   -1.27809060262897983273E-01
   -2.06858654219535045837E-02   -4.75711202892977802481E-01    9.91020306823993564482E-03   -6.07330265113364270446E-02
   -3.61763496432892586729E-02   -6.60518910540918852137E-02   -2.05327003797987385492E-03    4.21822242328352553509E-02
    4.71007837513220534165E-02    1.86273102812767404890E-01   -1.27871836343882057385E-02   -5.11488968613503347527E-01
    1.50647620798419396883E-03    1.36918207902285925769E-03    4.46040630015529686921E-04    7.07268568352795862220E-03
   -5.61578326239101869449E-03    5.84867994817937536696E-04   -1.05684143766262648306E-02    1.10190152317742452552E-03
   -3.23006054915917005348E-04   -1.03718942592872761035E-03   -7.15225067673107839372E-02    2.06199716901210496761E-03
    4.96562620113664282551E-04    2.91556721674661629973E-02   -1.33269841985201708406E-03   -1.59162525944959339086E-02
    6.35509566255703490199E-04    8.23600928618144732807E-03   -3.14662988884275576177E-04    3.75896336721641627712E-03
    2.04230231803334237595E-02   -1.93848176904277719190E-01    2.10637740696607463076E-02    3.45016642715758159454E-01
   -4.81665107624791727359E-02    2.22605451592220310308E-01   -1.28022570545186370472E-02    2.80921132924097149974E-01
    4.36699384465510515030E-02   -1.26859649611079060294E-02   -5.12547196758586287579E-01    1.14886790777215513221E-02
    9.20334044010983828854E-03   -4.91817763184221323769E-03    5.13899725451492147416E-03    3.09298542662561348759E-01
    1.58910772913045915400E-02   -2.38635560146837656659E-02   -2.86643601075529637703E-03   -1.72095506744094906004E-01
    2.13939946902594962941E-01    5.29541469310267076676E-02    1.11506276852791231385E-03    2.75901210452838170639E-02
    5.10424483622293978513E-01    1.45488513719679163350E-01    2.52874268521227065984E-03    9.34108943173095757073E-02
   -4.37277422665920900702E-01    3.00860970263630123078E-01   -6.55853456669970233395E-03    9.98146970405766609247E-02
    2.86509528678940408528E-03   -4.03543410817348239400E-03    1.34021197398998502537E-02   -1.15696103370161004938E-03
   -4.33390298780374477045E-03    5.83020326469358730892E-03   -6.06081297966227436347E-02    1.94122024236475110986E-03
   -1.46906847810305524193E-01    5.72632215795520829738E-02   -1.38679568338187487152E-03   -1.46565032042311554905E-01
    3.02469968848301629105E-01   -7.32571845797980181203E-02    1.07470422877659391690E-03    1.15165997162851627134E-01
   -6.06867231696001929730E-02    3.96257847165868481998E-01   -2.02279180941135642777E-03    2.98212920656571942035E-02
    1.90596817335140084060E-01   -8.03321638872686316635E-02    5.92417819219852033290E-04    1.02769062899788723997E-01
   -5.18798648869429803593E-03   -2.61343128417977563216E-02    3.65840807286441722836E-04    2.14574598140964134529E-02
    6.98727394396549388728E-04   -3.12946102754034245069E-03   -4.84267416418048601834E-01    3.55044487738181285819E-03
    5.15887488617326533599E-04   -1.33112088919994748723E-03    1.66586605553094430077E-02   -7.03760890689600088904E-04
   -5.16276669328611104159E-02   -3.12401746731057932197E-03    1.57701667132197748643E-03    2.25425410224504130241E-01
   -3.90736189823796958853E-02   -3.33170419484604476978E-02    4.81762739421644315221E-05   -5.30659586832352217489E-02
   -3.69880106484696685731E-02   -1.64657413461552687428E-01   -1.29596517281525673050E-03   -9.55605161267890079735E-02
    1.51466438833315036883E-01   -1.75338223996725078857E-01    5.76263423437568030744E-03   -4.78306584285746183571E-02
    1.98076671736630753953E-03   -1.88394675390286185472E-03    1.60201011137866000666E-02   -4.39929925231555415347E-04
   -4.52889799551494331986E-01    1.11578217306926449903E-01   -1.42281416046711431563E-03   -7.25361535395081941102E-02
    5.93132683699479981709E-02    6.11511464285113270911E-01   -3.90375290866819225563E-03    1.07588226065391284747E-01
    8.49078623513380755655E-04    2.38620316576201377257E-02    6.88858931292935655621E-02
    1.76122261936160757860E-03    6.29030641481826829908E-02    1.03716715597171174612E-01
   -5.10997153955668453190E-03    7.22829099326454532770E-02   -7.37516612978646790566E-01
    1.19479111765057703642E-02   -8.46867648408559112530E-04    8.37822321891624794028E-04
   -9.93351221499922110159E-02    1.77898578326616272141E-03   -1.68175602419096798489E-03
    3.46594805235071623680E-05   -4.77151851479954772217E-02   -2.84019932711758807398E-02
    9.95546105739303630381E-06    1.17639040770137967562E-01    1.89959423709561356364E-02
   -3.57549878318071568013E-04    6.72740076443492790448E-02   -2.08275211711644508972E-01
   -3.98286380815344130939E-04   -1.93207455294243171662E-02   -5.42096151733065911849E-01
    1.63742485336668185201E-04    1.73540813568084754948E-02   -1.77520125722715832461E-01
   -1.83364663872598206151E-02    3.79331208505071448226E-04   -3.07470797144378618117E-04
   -5.27028289525982129859E-01    2.26790404192851301896E-03   -3.60192534085439133168E-04
   -2.36209956967086629745E-04    1.37573604793666502688E-02    4.22752273376928791593E-02
    2.39057592434589955346E-03    5.38580189697111855196E-01    6.85016976125223248095E-02
   -1.83845571186071481302E-03   -5.31037178174238316819E-02    7.93753027474380146167E-01
    5.44290333644342934349E-03   -3.85203891245214369299E-02    1.13214911550634803050E-01
    2.63755607899570865271E-01   -1.60333684034408134080E-03    5.33756756910194383146E-04
   -9.99342458836154469773E-04   -2.12447939200438168372E-01   -7.86801239420137203152E-04
   -1.84957197485905886977E-03    1.14348417917322503490E-01   -5.41880500917931606786E-01
    5.00421750780750573817E-01    4.72263790102365934448E-03    3.94962603868664018092E-03    2.05945693079348301569E-04
    4.55570995004503083523E-04   -2.21788992294667058891E-01   -9.86198758429928171165E-03    7.79784985091758761980E-04
   -1.48505998247358680583E-03   -2.12063453360398002090E-01   -7.04608699343429456530E-02   -8.95542223163477753983E-04
    7.57843179178778485684E-07   -1.55472208113421818572E-04   -9.22587270101532345989E-03   -3.12160854015048672139E-01
    4.21645476484026092895E-06   -2.22525734716582184966E-05   -6.33165729549686143868E-03   -2.20748742887879989549E-01
   -6.08001317380479694083E-04    5.09070497425679335812E-02    1.72985001343106931104E-01   -4.83052500388911863760E-03
    2.35779269331691884335E-04    2.23133692687560308832E-02    1.16665978677570988942E-01   -3.40191530145954757619E-03
    6.34968524577663828538E-04   -2.41337226172680663350E-02    2.24573981773656061733E-01   -7.18782168634066187529E-03
   -2.67843690628427849414E-04    3.88604945245798593517E-03    1.23639465451621424763E-01   -4.70515223200572429985E-03
    3.44326696920752305152E-05    6.18980228707572180911E-04    4.77375125063344077359E-03   -1.65386086706977486396E-04
    1.93185649565026712067E-07    1.78304963698086357403E-05    3.34013571340764387624E-04    9.68375104848136214475E-03
    1.95256641332179250679E-07   -3.02674112295104992009E-06   -1.25952634392028115862E-04   -6.01863302093328961934E-03
    8.55904798738655236880E-05    4.35875197624447860423E-03    6.15184286087167107177E-03   -2.20804591011396596700E-04
    2.36902054049275217302E-06    6.41766793115968836418E-04    3.89020376360173138902E-03   -1.22997048199955625073E-04
   -3.23575058031864867770E-05   -8.27717693293605477622E-02    1.89825943200276875400E-01   -6.54061424864828353659E-03
    3.84909442050563265457E-04    2.01060742815647661152E-03    4.13027867133696352520E-02    3.12801621447151689120E-03
   -1.20221016095702749562E-06   -6.37319793568093712370E-05   -3.45870475519829316882E-04   -1.40139967233892329818E-02
   -8.34410398463151880112E-05   -8.76706356906531853726E-05    8.60274293668093423260E-03   -2.04750699656593284715E-04
    3.09443667982275624501E-04    1.82603128588856022940E-02   -2.17387695479518035235E-02    1.01912647993980003320E-04
    2.88230025066825391519E-03    1.98599186663146291820E-02    1.26963711144656883623E-02    2.87092206242305775232E-03
    7.80166309008045594231E-02   -4.20452225903156645570E-02    5.57211245535592716860E-02   -2.37386168621888174468E-02
    1.41697176016196746406E-01   -4.47469866346993205841E-01   -8.12873112457360852412E-02   -2.64086610749019012889E-01
    6.95429779513814403866E-04    9.87023900852168969977E-03    2.38163967871153348099E-02    4.56789368750019075804E-02
    3.87232451837978106264E-04   -9.59545045932274601359E-04   -1.77931992095233873497E-02   -4.04713127329355756845E-02
    2.47721396332862164869E-01   -2.62481319122612015426E-02   -6.94719124229912776691E-02    1.04771551973136436975E-01
    1.74265012932366680776E-01   -2.46796871361159853020E-02    6.36652772768570851536E-02   -5.97535216947194594561E-02
   -1.70662104734179087551E-01   -1.00256524555083159633E-01    1.77293559768241265617E-01    3.17308760129870359723E-01
   -1.12625071542717059003E-01   -1.80844436756458587512E-01    2.02395743504145547709E-01   -7.47084879078030450472E-01
    2.91632724646661526269E-04   -1.07879178104133919419E-03   -1.74427595998674460354E-02   -6.07054982619799864130E-04
    3.98868118665979200406E-05   -3.18799866123107081273E-04   -3.09132029574564850573E-04    3.23893508065810841693E-04
   -1.91851327153580481389E-05    1.01541034628499526361E-04    2.18482921641475715717E-04    1.28357320840846353925E-04
    6.74702946547886452805E-03    1.12240270853634438800E-03   -2.33827575511859082208E-03    4.41718835851147122173E-03
    3.97466977425810306240E-03   -6.46763945707834919836E-05    8.63756903606863624817E-04   -9.35947058429778717958E-03
   -9.29819978000868685442E-02    4.87461201819903017229E-02   -6.44959257640880356810E-01    3.11486706570301918884E-01
    1.29629839128383213959E-02    6.42570237833086199686E-01    4.32475721185019146287E-01    7.69570019077355088610E-02
   -1.35299456628217435990E-05    1.06033765741483801751E-03    2.27639713266229205824E-03   -2.12822158314684463376E-03
    7.38365679109415171816E-03   -1.69178539502738028467E-03    2.83090976253131329510E-02   -1.37810172412631437577E-01
    7.54344829528879202291E-03   -1.06608724271047335813E-02   -1.27648171164262053123E-01   -1.92103626107686553670E-01
    5.78413326210005292877E-03    1.09363275654260863612E-01    3.00426701306198478889E-03    2.74104837935879364075E-01
    1.77826689879342358935E-02    2.73588420437732182666E-01    7.05554971885064691195E-03    6.34551902813859425301E-01
    1.45308752683976361020E-02   -4.23875258575575175612E-01   -6.10422415360977865112E-03   -9.58553201679199884389E-01
    4.80851533311539180993E-01   -1.65445883343303713764E-02    2.03503520413034350023E-02   -7.51351237636057722041E-03
   -4.32297058972576586644E-01    1.38011384672319069311E-02   -2.08399283347630109864E-01    1.23050126047092329290E-02
    6.34524900052433130093E-03    4.45726609178917765330E-01   -9.76259674957989133370E-03   -1.29179936559803948404E-01
   -1.18005385634791376548E-02   -4.77222671183864466382E-01    8.01914350646156133540E-03   -6.13057829909574997229E-02
   -4.18074241239131186298E-02   -7.68616996856840706265E-02   -1.35592500615154825001E-03    3.86374186812834044535E-02
    6.68105533589617717194E-02    1.97022793406279095318E-01   -1.05217086979014270293E-02   -5.10367898192479518826E-01
    1.18059644702310831930E-03    1.98858525492634323484E-03    3.26823578312710502462E-04    7.55634547321948606829E-03
    4.56810289732361828746E-03   -5.16291663468467767681E-04    9.40188715580868479560E-03   -9.60153700009698475235E-04
    1.03076262098885881348E-03    7.51212096103638193693E-04    7.05063365402545660920E-02   -1.66675873216063871220E-03
    3.55638994282144714498E-06    2.91346892355059151891E-02   -1.08817115957318818684E-03   -1.51823666503441596920E-02
    8.75872043252935825360E-04    8.33435543144540012805E-03   -2.93780392285450104965E-04    4.07825616851952617997E-03
    4.51063257162016319202E-03   -1.78042732901903116849E-01    1.59129870186802899190E-02    3.55998059983665626760E-01
   -4.00888118196423767770E-02    1.91531549112051557859E-01   -8.95984058193699008099E-03    2.56984977714219853251E-01
   -2.81987169981492008519E-02    9.07182032929427020762E-03    5.13774732766214103918E-01   -8.98027480022437277207E-03
    1.31349346685328965956E-02    1.66714192630158623831E-03    3.28596714618446328685E-03    3.16626119859984400673E-01
    2.05429442622939092966E-02   -1.90806404320689182441E-02   -2.65810913772435760544E-03   -1.71516329378038817621E-01
    2.19532050592615102236E-01    5.54092284153825387349E-02    1.04604899473708518043E-03    2.72940222028954238009E-02
    5.23511490750831143259E-01    1.50653081317416726037E-01    2.42414344188781076192E-03    9.25495554515974316878E-02
   -4.53632877244004861783E-01    2.84391289140291159132E-01   -5.38484106971514817075E-03    9.73956696605864508109E-02
   -3.09200910342642383902E-03    3.28291554440109014518E-03   -1.17714364450637563875E-02    8.94754998715719708502E-04
    4.79990598108985793563E-03   -4.91154247641698710192E-03    5.82893395716145082397E-02   -1.79242375854467782779E-03
   -1.47032699724279153353E-01    5.83137560084046255304E-02   -1.41599146475478296012E-03   -1.45916282187685181215E-01
    2.98866933460426476010E-01   -7.61554443675661191238E-02    9.07213182003535536374E-04    1.14213262242717453199E-01
   -6.06465837228764917399E-02    3.98901212180433284438E-01   -1.55730032639781672092E-03    2.91493664591517438744E-02
    1.86512044617782257738E-01   -8.63241716399734682064E-02    5.85498045748305911105E-04    1.02229725073515104183E-01
   -5.03191108536405352220E-03   -2.59534884899648016221E-02    3.28281719759094376375E-04    2.14606894637318253161E-02
   -5.78183742806001078895E-04    2.43003441851460163375E-03    4.84312100197998307571E-01   -3.72244710862998113426E-03
   -5.55716207071836826650E-04    1.07641641680909674710E-03   -1.54154595473595720095E-02    6.91178173751115032877E-04
   -5.13778123104506323493E-02   -2.51368028432623477272E-03    1.66994080861702660218E-03    2.25575584397778444723E-01
   -3.89817510368915126628E-02   -3.25868528200272053463E-02    6.36446076514159308270E-06   -5.24223501439482000852E-02
   -3.26015532879856684279E-02   -1.71685597484634328014E-01   -1.10173211866530676266E-03   -9.67370988166066231306E-02
    1.53146442764787726887E-01   -1.54588831549659244669E-01    4.49946499680745504862E-03   -4.36992271162173415155E-02
   -2.16731220425903613191E-03    1.76899380016822850570E-03   -1.53524590179846577576E-02    3.81468013529455592103E-04
   -4.47304923448888558379E-01    1.13513233989556872050E-01   -1.21155812450429961440E-03   -7.22952955895437426870E-02
    5.89205570226352115526E-02    6.07551441231414357524E-01   -2.91883188585000553222E-03    1.05232719172980840328E-01
    7.64307887042181013058E-04    2.43290457783319029328E-02    6.85308725130054641195E-02
    1.58965070831905506271E-03    6.38146483670260500354E-02    1.03174879759253254607E-01
   -4.36431398542618930597E-03    6.81001013764338941625E-02   -7.31696200710407307355E-01
   -9.88010572011403798154E-03    6.65341064806318147062E-04   -8.13707502223524588650E-04
    9.59874597908194487905E-02   -1.42463718094080950965E-03    1.50578471299455361743E-03
    2.36722508454091751609E-05   -4.71317076033712020755E-02   -2.87157553317274813476E-02
   -8.24437764549402975385E-06    1.16600868604929852612E-01    1.97037109968713902708E-02
   -4.03750088504788054271E-04    6.72819363337968101568E-02   -2.07506306825051278775E-01
   -3.84809509945324311128E-04   -1.96330473572291913653E-02   -5.41371644827377762610E-01
    1.35614796351249340721E-04    1.76953638027745503714E-02   -1.77443131666956466219E-01
    1.72731150655026192975E-02   -3.63659911880447083484E-04    2.39558669350508029842E-04
    5.27137082283866797994E-01   -1.80426442416450612087E-03    3.04212666442081798319E-04
   -2.50355181223290020574E-04    1.34705551823422493146E-02    4.22343403285236965172E-02
    1.90169375709745274577E-03    5.38522288167129770109E-01    6.96763749812767257952E-02
   -1.32147083926850879287E-03   -5.58706267275755896762E-02    7.95964804326047326022E-01
    4.37559751177634802949E-03   -3.26312807298396595490E-02    1.05050448526194231680E-01
   -2.62307411706356907732E-01    1.30717847028620276148E-03   -4.37629756410339346671E-04
   -7.76107343636235407977E-04   -2.12079214360571782771E-01   -1.13831789656517585151E-03
   -1.48480257982957640668E-03    1.12920949594390640502E-01   -5.38844100809466430846E-01
    5.00520328895497135235E-01    7.74639867658891926455E-04    6.08415319992053967198E-04   -6.56566252314013840911E-05
    5.84713148126493327365E-04   -2.36359048049739978170E-01   -7.94874158124082158539E-02   -3.10949489444426415189E-05
   -2.43110802369933456241E-03   -2.40226281981991168779E-01   -1.60955260954153828168E-01    1.17248000151294390001E-03
    3.53671498210077519850E-06   -1.63200623092556537262E-04   -1.65046495300855849443E-04    3.47027340334250200549E-01
   -2.57037886515611609038E-06   -8.98966211693268260141E-05    9.32861738273735302670E-05    2.67360122622809059934E-01
   -4.30046364480181830467E-04   -4.33024841726836473565E-02   -3.63644721454353739287E-02   -1.61027330788207211510E-04
    9.97963203292672124470E-04   -2.10645236984076111852E-02   -2.37621303537589242949E-02    1.31971139096206572334E-04
    6.50744502578258282241E-04   -5.38642571633197383973E-02    2.53375884672057294367E-01    9.65638358821250625480E-05
   -2.22373565369474889735E-04   -1.62030475198245214712E-03    1.40027106482753543881E-01    1.19450714857158367226E-03
    4.43172833366667129123E-05   -1.62835869185951314514E-03    2.24842320847987294993E-03    1.15504695217023161703E-05
    1.03257552394453237986E-07   -1.19745101190735074738E-05   -1.31529238966785870659E-05    1.00157105099987027083E-03
   -2.22134380581263625895E-07   -1.28483649299261566576E-05    5.69536375664290897124E-05    6.93438098795929897672E-03
    1.19666515849074098026E-04   -1.86301750753428154404E-03   -2.59844484056318805656E-04    3.90236708345534702696E-05
   -4.49585003480737968183E-05    3.80180024575786754300E-04   -9.63033421013949168799E-03   -1.64114461133834496917E-06
    9.14438569045051966640E-05   -1.21331478947754797804E-01    1.62603801777666201467E-01    1.70646899494120970813E-04
    8.16552818581839449366E-05   -7.44882311301619561006E-03    2.83614617488444388516E-02   -2.96167357506245702489E-03
    3.86530449226967237923E-07   -7.14807293967266790813E-05    8.11906122424984255312E-05    1.59333448153181483908E-02
    1.76242456096012903982E-05   -1.08684008086601109448E-03   -6.66655455271642459480E-03    3.14125677514371691250E-05
    3.63725848213222388572E-04    2.47099290927898958270E-02   -2.00398319403514470205E-02    3.68891342311958173386E-04
    1.12615154150100312686E-02    8.20705893520426617294E-03    3.99979949842619864064E-02    2.51640048229411876501E-02
   -7.33809259515862261081E-02    4.64436534705984713223E-02    1.41356920419438397696E-01    1.34452087030187794614E-01
   -4.01685139832345439181E-01   -5.52385228739178148205E-03   -1.30511063084959327840E-01    3.86573625702454959363E-01
    3.69649302168141872735E-03    3.51157777557162958937E-03    1.06869934644367239884E-02   -5.28132016986593202240E-03
   -6.95299430971014218242E-04   -1.29476208323820243806E-03   -1.31049543358958183598E-02    7.11062483372516297708E-03
    2.14372361663236588036E-01   -2.52907099168126259237E-01   -8.50818736484993398683E-02    3.08019077455579382008E-01
    2.59180058153424874856E-01   -4.19859592938500891801E-01    1.81925259074160600159E-02   -5.57907961330739388117E-01
   -6.65844894379318680278E-02   -1.17973665495124377389E-01    1.75307100029524431939E-01   -2.48558324148897058503E-01
   -1.75545348962796221581E-01   -2.26392314140264477862E-01   -3.09556429505269438407E-03    4.73565393590551608760E-01
   -3.35312519180351598092E-03   -1.10583868167132579681E-04   -1.59912907401958924447E-02   -2.88857487294135470771E-03
    5.15713297494371653300E-05   -5.90689899033423453925E-05   -1.73461415407006019473E-04    1.78682991034448347602E-04
    1.37442482338586487341E-04    1.32677072354725066224E-04    3.86587235650654782206E-04   -1.90919908472301929107E-05
   -2.67900943576704223328E-03    2.81740002332001157268E-03    6.16886084208634853654E-03   -4.31760934904423104852E-03
    6.74118460262727869914E-03   -1.95063018837145110522E-03   -8.83681957626266181838E-03   -1.19840161173211633139E-02
    5.98720071769931125316E-03    6.28922474933771846750E-02   -5.87808317307978001054E-01   -3.45322919947611051139E-01
    5.84206257943565177015E-01    5.94467338092757535684E-01    5.35842221915111771580E-01   -2.10719175158963351047E-02
    1.18359104876981967649E-03    1.28336190784696687998E-03    3.61761506860116275122E-03   -4.29117023862944136931E-04
    1.43953252854969650926E-02   -4.36007365714860019301E-03   -2.92746268890093711001E-02   -6.39739516613374581411E-02
   -1.55854703571072488594E-02   -8.18749444414254567981E-03   -1.76903585193477708160E-01    1.03572829576281458253E-01
    1.01156852351851709454E-02    1.20174983141305515878E-03    3.10146467507652512808E-04    1.04451384571806384777E-02
   -3.47771223453266118634E-04   -5.17097917274607268151E-03    2.69276068764486399901E-03    2.40104585031487633882E-05
   -1.75803283747952648897E-01   -4.59999227666000112813E-02    1.20806484964379092645E-02   -2.24697468760509388996E-01
   -1.45688347764935416384E-01    4.44841631076207000284E-01   -1.36932667769110660242E-04   -8.88230333450940393036E-03
    2.01650522676906113206E-01   -6.11141052009176899418E-01    2.51637886258932463868E-01    2.97668374162355468815E-02
   -2.77611121413266215274E-01   -8.14844055859658689123E-02   -9.02893210543252548728E-03    1.86292565546667732157E-01
    7.78604029947890685648E-01    2.47852263602761468952E-01   -4.41702039659301864266E-03   -1.14217307580676247225E-01
   -1.98369947766400489542E-01   -6.89824655989700885605E-02   -6.93596742640049945816E-03    2.00308662938674109100E-01
    3.49856785512807855199E-01    1.16826745059291192685E-01    2.48999542425391573452E-02   -5.32454437132479529993E-01
    1.31960180818146738564E-03    8.53700146750451189029E-04   -2.79928157856987607117E-04    1.79201639528677294025E-03
    6.52145325097337486692E-03   -2.04504233141157253095E-02    7.30079148239219221511E-03    1.23566346748119450585E-03
   -5.40191939154909309649E-04   -1.05349589720353563685E-03   -8.02390846765484722081E-02   -5.38623850329098766837E-03
    6.07667242353197509241E-03    1.68205626052044302475E-03   -7.13111149102394273336E-06    1.61652652507366734538E-03
   -4.66310711002067279640E-02   -1.70549305661475830709E-02    6.77997531360589444221E-03   -9.80958374593660503704E-02
   -8.24818990775610244581E-02   -1.01893080208281475857E-02   -2.23854461922365910453E-02    2.73784311336346064536E-01
   -3.29020588392964608015E-01   -1.33340470458951004806E-01    9.28377641874744631741E-04    2.78738732520852794394E-01
   -2.95603051257883409422E-03   -1.17831813263912336953E-02   -5.01628562696209256977E-01   -3.16341598380004765390E-02
   -2.51410744741247416112E-01   -9.00955059176964112577E-02    2.81388244020417156721E-02   -3.92759009509406509242E-01
    8.89707466053116374782E-02    3.20211549609213247392E-02    4.80758083407931569725E-03   -1.00287217792233790403E-01
    4.18994917748205852881E-01    1.24826153307580692275E-01    2.20707655802488932062E-02   -4.88589101938806863240E-05
    8.83855089225998646896E-01    3.15877937681651677071E-01    5.71417057708641026870E-02   -1.52688542071515142564E-04
   -1.85473978125083860391E+00    1.51204036183644946467E-01    4.51640881343325500952E-02   -4.42083947333290659069E-04
    7.29155716863110750156E-04    2.29856594327836971994E-03    2.61865882807376260805E-04    1.86099040567604782914E-02
   -6.91691106228673239197E-04   -5.23670336997917977573E-03   -3.56123269354339144939E-04    3.81983714182918751567E-02
   -4.63312251324652368822E-02   -3.52281234043631055752E-02   -2.04841650694660461218E-02    9.47739884704667287074E-05
    6.92691478883634248476E-01    1.16534861802710582035E-01   -1.18303144447994418309E-01   -2.33305697015574872374E-04
   -5.76058206147048168511E-02    3.60375410739795398740E-01    1.99749573638177066459E-02   -7.94888254642678169408E-05
   -3.52978649742389960497E-01    1.33146349477545195006E-01    2.53593319313608206444E-02   -5.79767611211616930127E-04
    1.62114052487726048590E-02   -1.95435967510023296534E-02   -2.79689114610896490468E-03    5.11601960516940490117E-05
   -1.73942593310218726957E-04   -9.84867089938157996842E-04   -8.43991591015743388565E-04    2.63892028471042150439E-01
    1.56332804142226758489E-04    1.14261792447504150969E-03    9.33759978653105212308E-04    4.49218855496402058591E-01
   -5.21007600193342870765E-02    1.50757068404381113814E-03   -3.74672322358642187262E-05    1.04860397096545772400E-04
    1.06804408105653052263E-02    4.81872400548954971100E-02   -5.04878695785057840517E-01    3.05191761606182321125E-04
    4.95637073586542964421E-01   -2.56473136696038273019E-01   -3.75173584815666205650E-02   -6.54192539627551682482E-05
    1.46805000397658258482E-01   -2.21893922015788364055E-01   -2.17821383908760081438E-02    1.25003725156103942702E-03
   -1.19810362941028054526E-04    1.78103813255040314099E-03   -2.75033126199166453891E-04   -2.22989382098595256831E-01
   -1.93387366274635520702E-02   -2.40799461967265114593E-02    3.12180571525664418697E-01   -2.67512301977119982231E-04
   -1.96700807797078297545E-01    6.50988735896609660436E-01    7.46060913983558338103E-02   -5.47291173301386359162E-04
    1.28216728122439681519E-04    2.36089768525149179546E-01    8.36066632626585315435E-02
    4.80231918197150978948E-04    4.28062264773213907443E-01    1.81304210742832372372E-01
    2.19970277874332329274E-03   -1.50956873439661887204E+00    4.81149923703600088110E-02
    4.37356313084479725317E-02    6.50453510743017758369E-05    1.09509218285336307717E-03
   -1.85538014285399371905E-01   -9.57729469968970957647E-05   -3.08919468285145720418E-03
   -5.76983712880580509701E-04   -4.39363871280311801999E-04   -1.73616803627649196606E-02
    9.25597287298203356444E-04    6.06354143190806715857E-01    3.66661069701441300062E-01
    4.63538142215943983412E-05   -1.25704996782902589381E-01    1.34450479231298158922E-01
    2.60842487134559401427E-03   -4.54986602825846353504E-01    3.73307547183185262085E-01
   -2.58680407601289048293E-04   -8.88422651021844866914E-02    1.61495939489576217918E-01
    4.53293818525652592033E-01    2.17145432247456816963E-04    8.95208777332298557411E-04
   -2.69227802679648908768E-01   -2.30965364482620214449E-04   -7.43175565082590311103E-04
   -4.72218321830580791548E-04    2.42230467151905021206E-01    1.62761155605001928137E-01
   -9.58775824108182446980E-04    5.92421377289511184860E-03    1.12642408041731343499E-02
    6.79063139466670024312E-04    7.24179372320233549765E-01   -5.34472467177580456976E-01
   -5.90582679674125400615E-03    1.03598258753943878174E-01   -1.76393538450195147549E-01
    1.65862851936325328417E-01    3.88276417019419627574E-05    1.34944998820783431705E-03
    9.63874701677625272261E-04   -3.84301455426277888128E-02    3.57271954407994247419E-04
    2.34838163053975807273E-03   -3.83512251080396104896E-01    4.13247770875916853317E-01
    5.00520223842196299024E-01    7.61226974379510391670E-04    6.62619900381091874592E-04    2.33651103307698200864E-04
    5.84689577207433757930E-04   -2.36427284864843378909E-01   -7.94651868575455694321E-02    1.05602754065565671016E-03
   -2.42617245209750080626E-03   -2.40439396085791456947E-01   -1.61984800178567672768E-01    5.93049901067168911024E-04
    2.16040371284119182249E-06   -1.81262395688074794608E-04   -2.66821194819652040935E-04   -3.48784896939914934588E-01
    6.24593414697376260601E-07   -5.45632652326389841480E-04   -5.52648817771248706057E-04   -2.65482654275498497487E-01
   -4.31163386018193570820E-04   -4.32855804707219585237E-02   -3.62672507631559212782E-02    1.19479685061933246152E-04
    1.00430535398945042398E-03   -2.12529522996449601879E-02   -2.44614670430820246860E-02    7.93481920905378173767E-04
    6.50618295999029483401E-04   -5.38971811868524594558E-02    2.53135243273905963246E-01   -7.34465130132393209493E-06
   -2.15143981401374470097E-04   -1.97314667993492114106E-03    1.38761746084638704080E-01    9.37820333919796994548E-04
    4.46774588464045831660E-05   -1.63823190655177025957E-03    2.21471070885609702672E-03    4.14786503400092941497E-05
   -2.06953519184776707380E-07    7.42007721261278433045E-07    2.45982654754047308106E-06   -1.07071447729426656378E-03
    3.62609225549004467875E-08   -2.54101894350589434788E-05    3.32816690977737978459E-05   -6.89761862679419499728E-03
    1.19992741328995151636E-04   -1.86686759983106082515E-03   -2.72909397308003552965E-04   -2.64098494252545647415E-05
   -4.48270448175804494943E-05    3.79991689134584833838E-04   -9.62865442091834396188E-03    1.15929439360487210474E-06
    9.21726178683580780245E-05   -1.21485044812473005904E-01    1.62136551200907003123E-01    7.77575811950288547057E-04
    6.50303119929367270209E-05   -6.49651498094312718212E-03    3.18954152961491363416E-02   -3.92657850034976163567E-03
   -3.55383491174117159057E-07   -9.03177415916717003992E-06    1.27876044242699015959E-04   -1.64231124157431310207E-02
    1.77909140687419017499E-05   -1.09793768893242673322E-03   -6.67139769407007129920E-03    2.80110762693267916499E-05
    3.68321818312225340245E-04    2.45731513054505482097E-02   -2.05188971555220235621E-02    2.75500020137239615050E-04
    1.25697168454107170016E-02    8.55306542451867400645E-03    4.19454247549963660235E-02    2.27500667856890478880E-02
   -6.58264492878781609653E-02    5.62179487903124650017E-02    1.50507384072454064583E-01    1.28070216341394038650E-01
   -3.96599645431363889703E-01    2.36608827533663391984E-02   -1.12308011538968549603E-01    4.00971434884052957415E-01
   -4.53950261713261579016E-03   -3.65615029045201827759E-03   -1.00430055265825230598E-02    7.33928028950085135224E-03
    1.10128654007727341639E-03    1.06466728474113826383E-03    1.22130953905973289875E-02   -1.02111414389448387774E-02
    2.00826771002604403948E-01   -2.63110649763559578673E-01   -6.47165782547982765260E-02    3.32149686966460577775E-01
    2.27817398798939446669E-01   -4.39661449958635486279E-01   -8.37937780377113333730E-03   -6.03742487114726888997E-01
   -7.62206152299462896815E-02   -1.13983140163808310819E-01    1.67799232134809572781E-01   -2.40270670999430779879E-01
   -1.86502839713858892257E-01   -2.11610147594808339910E-01    1.57253405747199981324E-02    4.47816297736552071385E-01
   -3.39209888199899518152E-03   -1.79658425022005640811E-05   -1.58801943779400302204E-02   -2.15672128407528489527E-03
    3.29095012262986381609E-05   -6.08966747725862167116E-05    1.41433857644948928096E-04   -2.50476179482270156721E-04
   -1.70684035395697163845E-04   -1.75388725547852194478E-04   -3.01515915361071963358E-04    1.00197887587850619222E-04
   -2.71102688859881871958E-03    2.79646685023937028453E-03    5.41043429407318809954E-03   -5.13854311276655453117E-03
    6.68755694068156811283E-03   -2.36397156779330312737E-03   -8.51413166799298327947E-03   -9.91450742387405686840E-03
    4.18329518042929830723E-03    5.44905946081996814256E-02   -5.96062882502623958558E-01   -3.03417602613641756992E-01
    6.18099078317286720896E-01    5.53722189187391022891E-01    5.15537539771228625618E-01   -4.25544838106882011841E-02
   -1.18556930177055302317E-03   -1.06423453424376690361E-03   -3.68440073704325282006E-03    1.07920127050544823778E-03
    1.44959758781494172514E-02   -5.09935191891266841047E-03   -2.71275071355741165258E-02   -5.18600003000347226090E-02
   -1.66952644204993276567E-02   -9.22432049698208161859E-03   -1.75092136894799410562E-01    1.01981638815583655622E-01
    1.04149234412650431442E-02    2.24978622295723485261E-03    5.20096441156385025199E-04    1.31605806078191021891E-02
    4.73686833133617809372E-03    6.76938928167973314604E-03    3.39192938558575528968E-03    4.75228106423759757287E-03
   -1.50303295341438325483E-01   -3.33452167015194133118E-03    1.29548611093107685771E-02   -2.44960935785621336525E-01
    4.56796355129216319346E-02    4.65153159082095257748E-01    2.28328599186007480393E-02    1.12680610414244240097E-02
   -6.38142875301535433819E-02   -6.33114179680654531879E-01   -2.84694400008001835545E-01   -3.65808109607804743391E-02
   -2.69772106585877136098E-01    1.61350712474811891495E-02   -1.22003393490501561153E-02    1.80688533967204995045E-01
    7.68590598398763980015E-01   -6.31384056256599907053E-02   -1.19673508223907014078E-03   -9.83602604716874301394E-02
   -2.20182417369868876911E-01    2.51770256576825321448E-02   -9.67700744576795862661E-03    2.04186590982056992427E-01
    3.96022524901980921275E-01   -4.23793666598610285767E-02    3.16006419486186407308E-02   -5.44025197986093389524E-01
    8.52292306814901438373E-04   -4.42283042768869087691E-04   -3.01464679045961210253E-04    2.00484384307649844692E-03
   -2.07317092173543195133E-03   -2.26412377668265205055E-02   -9.16678282567087721056E-03   -1.55702943538623436552E-03
    5.12021460307150017531E-04   -3.38881919506783249249E-03    8.07656013784151666224E-02    6.53325639176839060435E-03
    6.48097709186752635180E-03   -4.12867257329984607868E-04   -5.76804528098850296494E-05    1.28999083546272371587E-03
   -5.00030310999208874034E-02    6.75070460372230625457E-03    8.16307941178490148459E-03   -9.79352028853530537367E-02
   -1.18649627713516281347E-01   -1.16002083194395371954E-03   -2.59622627731875242618E-02    2.81713854405605090836E-01
   -3.31878532700981276893E-01    5.55794388176975920346E-02   -2.52990196667205033063E-03    2.82119236128682948639E-01
    2.93982339691306387638E-03   -3.51063388431014714031E-02    5.00088717838517382575E-01    3.82244718588784990199E-02
   -2.68884578108168237343E-01    3.42973209856355584768E-02    3.37622595556097693237E-02   -3.91609423734776362913E-01
    9.95962255886427283436E-02   -1.29533324088727617301E-02    5.65846371906835853699E-03   -1.03511888376169758352E-01
    4.15902061332260708504E-01    1.32198443681953742290E-01    2.23708253163243733774E-02    9.67409808547036364958E-05
    8.76222777647204020823E-01    3.31853391562386301761E-01    5.78157445470065672888E-02    2.53552578464940486531E-04
   -1.85122512242022896345E+00    1.20942201747190267169E-01    4.44476464644545238292E-02    3.14025823073726907328E-04
   -1.92483465301293349067E-03   -2.43518533892980422809E-03   -3.13283660801836130738E-04    1.83826456523944713195E-02
    3.29788839308048668461E-03    5.30419705309981802388E-03    4.13009541825443658725E-04    3.80654445815157560506E-02
   -5.01650233664664019217E-02   -3.33325009292923454818E-02   -2.04092619495733450241E-02   -1.37262562705884737669E-04
    7.02953628410104891522E-01    1.18476334485788703521E-01   -1.18210225056213896755E-01    1.28645698778032682935E-04
   -6.65245354951026629520E-02    3.59009205252112273410E-01    1.96908435643216583877E-02   -2.52999743903432394311E-06
   -3.45006789703425187366E-01    1.27529081108353814500E-01    2.59488510591273542627E-02    5.23470289889477928894E-04
    1.64693387135826131706E-02   -1.92958325647213865817E-02   -2.86519665972182879105E-03   -3.05382809543066992600E-05
    5.22808343343415912914E-04    1.02524102207195849656E-03    7.55168863157317719718E-04    2.66944752095225612543E-01
   -4.27517901248738215868E-04   -1.10588121301913051148E-03   -1.21303280394039229503E-03    4.47379486078052057696E-01
   -5.25407358811252819808E-02    7.84873516898692094070E-04   -1.41603940400548305219E-05   -7.09812285276310535927E-05
    1.06391960439653158327E-02    4.86082057655945545815E-02   -5.04818965838292998960E-01   -5.73050288673854105008E-04
    5.02830493360979291495E-01   -2.53825883240591632095E-01   -3.72134705037993618326E-02    1.28938629745234845537E-04
    1.28818904382649285223E-01   -2.08220268438160993618E-01   -2.26065112101217040308E-02   -1.17193124215598729054E-03
   -2.87766353189158159091E-04   -1.59455603744206465128E-03    3.95492691250167295678E-04   -2.22150461706051488564E-01
   -1.78000119282565039125E-02   -2.36796745269170424986E-02    3.12349441058878962707E-01    4.31874271878722232245E-04
   -2.02647087720344981632E-01    6.46357120619209135626E-01    7.47804239443237567242E-02    5.86535142336632397096E-04
    2.94981795334085306927E-04    2.36443495516381357868E-01    8.50034940247816894754E-02
    8.50150977524927469083E-04    4.28656176541425015802E-01    1.84260864863745071895E-01
    1.71591004397402707195E-03   -1.51258377139382549359E+00    4.22549575581766673205E-02
   -4.64505239132071076624E-02   -2.96131985089175204032E-04   -1.11535137211392961637E-03
    1.91955735575540575866E-01    3.99587414314016113603E-04    3.12435650972605477582E-03
   -4.69608758432126177987E-04   -8.68875540675110116275E-04   -1.67260650304892725948E-02
    9.83479029576314481634E-04    6.08742335659106292844E-01    3.65640386882739198970E-01
   -4.10519104652087293362E-05   -1.25416698536265192043E-01    1.33263235200454854823E-01
    2.68673942664151297124E-03   -4.56758130868163525484E-01    3.73349190460051938434E-01
   -2.26114051185061069480E-04   -8.88769128783973294539E-02    1.61519248464797371412E-01
   -4.51516190883598900196E-01   -4.19112894611284162762E-04   -9.76717013802867912997E-04
    2.72198362510271074655E-01    3.25513823094629602649E-04    7.13968697368488956594E-04
   -6.33145488685444971823E-04    2.42248954127728066688E-01    1.62628737999939987358E-01
   -1.00865457768483778728E-03    6.10190120618043715939E-03    1.11398937160599297708E-02
    7.27864568986118362290E-04    7.25516196371493560235E-01   -5.34512916735024878889E-01
   -5.94357652829970248970E-03    1.04131466798683097741E-01   -1.72885227102390209852E-01
   -1.68935383855094933825E-01   -9.13850037483435070863E-05   -1.33213074834489814818E-03
    1.03473927637957245455E-03   -3.89060643580521406393E-02    8.08037543945739960768E-04
    2.41715703135034123278E-03   -3.84202872871506284636E-01    4.11718046331231768420E-01
    5.00421264459952497283E-01    4.83844523333939319221E-03    4.07870435641804422039E-03   -1.34988579568972325235E-04
    4.54313293512742402778E-04   -2.21642130894869227031E-01   -9.80657670679901775912E-03   -5.94130864728874868628E-05
   -1.49028204135667123424E-03   -2.13194368705736103653E-01   -7.20560735327810120143E-02    2.23439446610111105626E-03
    5.01116184724912823580E-06   -1.43849698950065588285E-04    2.80016916749172093543E-03   -3.14430364235250059401E-01
   -6.11765464749733138496E-06   -4.69118795911566772907E-04    1.78128346763692228284E-03   -2.19366791275843769915E-01
   -6.07477460390849180634E-04    5.09392544538836491985E-02    1.72274356731976746593E-01    2.07161551506010081043E-04
    2.34981346778870557905E-04    2.22460329086462092751E-02    1.15980349683518918491E-01    3.88849496677274154930E-04
    6.35570078806437627726E-04   -2.41832813580106706364E-02    2.25105039923970767779E-01    3.42489066016277978952E-03
   -2.71290696682339083252E-04    3.65200792114750644526E-03    1.23895240036245954385E-01    2.37428531919191276867E-03
    3.43084214185221462708E-05    6.04951073254061293463E-04    4.76540532223972829184E-03    8.60015245697074066662E-05
   -4.67086293742583920081E-07    9.10917869946019796083E-06   -4.21964583658854158255E-05    9.79215718813741808901E-03
   -4.31112198202140104523E-07   -2.13265729910037371542E-05    8.63041425124932537038E-05   -5.96800686368050524455E-03
    8.57617048061576310114E-05    4.35440001055792304946E-03    6.11791315535023614430E-03   -3.90597911904846963852E-05
    2.23191096582777315062E-06    6.34306337318926434336E-04    3.86787208558402083661E-03    3.84657274473604855291E-05
   -3.65639466753082961552E-05   -8.31091498968024172678E-02    1.89833522668376136755E-01    3.84447203414908398808E-03
    3.98764314785076713632E-04    3.52776216443783296670E-03    4.29703340197527955402E-02   -5.34815610706889949660E-03
    1.41226698889194614029E-06    2.29599359678976362806E-05    2.78067834254088776767E-04   -1.45984114059101409422E-02
   -8.28933467545458607098E-05   -6.25657715097996717200E-05    8.62863946655041853806E-03   -3.83442558358406283131E-05
    3.06872226238665143320E-04    1.80099336744501056784E-02   -2.19918423067491444756E-02    2.66706995997130166288E-04
    2.72599447406711697245E-03    2.03932725212823059979E-02    1.15870955498704551051E-02   -9.08936827464671895501E-05
    7.78766253018180476531E-02   -4.23534509399018307962E-02    4.85335251216250929129E-02    3.10419399463208907364E-02
    1.43302612359151260168E-01   -4.56916378591420146993E-01   -9.64887373237108963986E-02    2.62567131015271792993E-01
   -1.92143510137814934810E-03   -1.16143741894091014760E-02   -3.02695963074181423336E-02    3.36626714300845009120E-02
   -1.16371792423819410064E-03    1.87333338321310233915E-03    2.32305710501294303272E-02   -2.98234909103290354859E-02
    2.48514171189374577509E-01   -2.58276135934936840188E-02   -8.21382070568397459898E-02   -9.40785621517758324783E-02
    1.74680082641083894712E-01   -2.41425804219112423443E-02    7.37829526922506168107E-02    4.88401625036619171927E-02
   -1.69663473874326981017E-01   -1.11454585654757354352E-01    1.63609823231170764535E-01   -3.26275474166156320699E-01
   -1.11903946009103805181E-01   -1.92396836156921241523E-01    2.13758094625039418712E-01    7.45919430720515475031E-01
    3.29266244621627521185E-04   -5.40375876155429622945E-04   -1.77906118309339444927E-02    1.45550836290354174141E-03
    1.28798625118973033600E-04    3.52829032418445511215E-04    3.48422743505900109166E-04    2.54725868512381884139E-04
   -6.18195816421978375189E-05   -1.50280563608380754882E-04   -1.88665516138458765408E-04    1.29067127955867245190E-04
    6.77502710331323847875E-03    8.74116431616690173906E-04   -2.88920260526436337156E-03   -4.02003836603755018014E-03
    3.99268370256423976716E-03    7.47390703737099557817E-05    1.26873781369536329199E-03    9.30018275281297400470E-03
   -9.17756540266661535732E-02    7.06405847605807019063E-02   -6.61558897564562875537E-01   -2.86908268402247368378E-01
    1.05641301872083457486E-02    6.53448955094493300066E-01    4.88139466561495982688E-01   -1.03890083321814041817E-01
   -1.64100499808243652060E-04   -1.12280944542638826816E-03   -2.82855409854828199895E-03   -1.40872075023549896654E-03
    7.45120120209818125045E-03   -2.27794231758282140002E-03    3.14255322615086124527E-02    1.37047261918563229033E-01
    7.75369208261079880667E-03   -4.95051756704655530894E-03   -1.19415882375318790909E-01    1.95123139847783094725E-01
    6.95176117155273023268E-03    1.10077994527080030851E-01    3.71781153648490523059E-03    2.79585305795661542838E-01
    2.01156535000674152602E-02    2.74115461272006866178E-01    8.75226269940180580387E-03    6.47250819324760251483E-01
    6.11012127860920909589E-03   -4.38401930701737496676E-01   -6.91349320631694328615E-03   -9.79371755071273275561E-01
   -4.80230437078261795936E-01    2.12972395204914927147E-02   -3.52634715517086139158E-02    8.52503896349837003710E-03
    4.30747412703502696729E-01   -1.74159883444306995415E-02    2.23778839790959832579E-01   -1.42216017655144803117E-02
    1.62778685476401528687E-02    4.46064363724450851922E-01   -1.24544537844630907181E-02   -1.27809060262897983273E-01
   -2.06858654219535045837E-02   -4.75711202892977802481E-01    9.91020306823993564482E-03   -6.07330265113364270446E-02
   -3.61763496432892586729E-02   -6.60518910540918852137E-02   -2.05327003797987385492E-03    4.21822242328352553509E-02
    4.71007837513220534165E-02    1.86273102812767404890E-01   -1.27871836343882057385E-02   -5.11488968613503347527E-01
    1.50647620798419396883E-03    1.36918207902285925769E-03    4.46040630015529686921E-04    7.07268568352795862220E-03
   -5.61578326239101869449E-03    5.84867994817937536696E-04   -1.05684143766262648306E-02    1.10190152317742452552E-03
   -3.23006054915917005348E-04   -1.03718942592872761035E-03   -7.15225067673107839372E-02    2.06199716901210496761E-03
    4.96562620113664282551E-04    2.91556721674661629973E-02   -1.33269841985201708406E-03   -1.59162525944959339086E-02
    6.35509566255703490199E-04    8.23600928618144732807E-03   -3.14662988884275576177E-04    3.75896336721641627712E-03
    2.04230231803334237595E-02   -1.93848176904277719190E-01    2.10637740696607463076E-02    3.45016642715758159454E-01
   -4.81665107624791727359E-02    2.22605451592220310308E-01   -1.28022570545186370472E-02    2.80921132924097149974E-01
    4.36699384465510515030E-02   -1.26859649611079060294E-02   -5.12547196758586287579E-01    1.14886790777215513221E-02
    9.20334044010983828854E-03   -4.91817763184221323769E-03    5.13899725451492147416E-03    3.09298542662561348759E-01
    1.58910772913045915400E-02   -2.38635560146837656659E-02   -2.86643601075529637703E-03   -1.72095506744094906004E-01
    2.13939946902594962941E-01    5.29541469310267076676E-02    1.11506276852791231385E-03    2.75901210452838170639E-02
    5.10424483622293978513E-01    1.45488513719679163350E-01    2.52874268521227065984E-03    9.34108943173095757073E-02
   -4.37277422665920900702E-01    3.00860970263630123078E-01   -6.55853456669970233395E-03    9.98146970405766609247E-02
    2.86509528678940408528E-03   -4.03543410817348239400E-03    1.34021197398998502537E-02   -1.15696103370161004938E-03
   -4.33390298780374477045E-03    5.83020326469358730892E-03   -6.06081297966227436347E-02    1.94122024236475110986E-03
   -1.46906847810305524193E-01    5.72632215795520829738E-02   -1.38679568338187487152E-03   -1.46565032042311554905E-01
    3.02469968848301629105E-01   -7.32571845797980181203E-02    1.07470422877659391690E-03    1.15165997162851627134E-01
   -6.06867231696001929730E-02    3.96257847165868481998E-01   -2.02279180941135642777E-03    2.98212920656571942035E-02
    1.90596817335140084060E-01   -8.03321638872686316635E-02    5.92417819219852033290E-04    1.02769062899788723997E-01
   -5.18798648869429803593E-03   -2.61343128417977563216E-02    3.65840807286441722836E-04    2.14574598140964134529E-02
    6.98727394396549388728E-04   -3.12946102754034245069E-03   -4.84267416418048601834E-01    3.55044487738181285819E-03
    5.15887488617326533599E-04   -1.33112088919994748723E-03    1.66586605553094430077E-02   -7.03760890689600088904E-04
   -5.16276669328611104159E-02   -3.12401746731057932197E-03    1.57701667132197748643E-03    2.25425410224504130241E-01
   -3.90736189823796958853E-02   -3.33170419484604476978E-02    4.81762739421644315221E-05   -5.30659586832352217489E-02
   -3.69880106484696685731E-02   -1.64657413461552687428E-01   -1.29596517281525673050E-03   -9.55605161267890079735E-02
    1.51466438833315036883E-01   -1.75338223996725078857E-01    5.76263423437568030744E-03   -4.78306584285746183571E-02
    1.98076671736630753953E-03   -1.88394675390286185472E-03    1.60201011137866000666E-02   -4.39929925231555415347E-04
   -4.52889799551494331986E-01    1.11578217306926449903E-01   -1.42281416046711431563E-03   -7.25361535395081941102E-02
    5.93132683699479981709E-02    6.11511464285113270911E-01   -3.90375290866819225563E-03    1.07588226065391284747E-01
    8.49078623513380755655E-04    2.38620316576201377257E-02    6.88858931292935655621E-02
    1.76122261936160757860E-03    6.29030641481826829908E-02    1.03716715597171174612E-01
   -5.10997153955668453190E-03    7.22829099326454532770E-02   -7.37516612978646790566E-01
    1.19479111765057703642E-02   -8.46867648408559112530E-04    8.37822321891624794028E-04
   -9.93351221499922110159E-02    1.77898578326616272141E-03   -1.68175602419096798489E-03
    3.46594805235071623680E-05   -4.77151851479954772217E-02   -2.84019932711758807398E-02
    9.95546105739303630381E-06    1.17639040770137967562E-01    1.89959423709561356364E-02
   -3.57549878318071568013E-04    6.72740076443492790448E-02   -2.08275211711644508972E-01
   -3.98286380815344130939E-04   -1.93207455294243171662E-02   -5.42096151733065911849E-01
    1.63742485336668185201E-04    1.73540813568084754948E-02   -1.77520125722715832461E-01
   -1.83364663872598206151E-02    3.79331208505071448226E-04   -3.07470797144378618117E-04
   -5.27028289525982129859E-01    2.26790404192851301896E-03   -3.60192534085439133168E-04
   -2.36209956967086629745E-04    1.37573604793666502688E-02    4.22752273376928791593E-02
    2.39057592434589955346E-03    5.38580189697111855196E-01    6.85016976125223248095E-02
   -1.83845571186071481302E-03   -5.31037178174238316819E-02    7.93753027474380146167E-01
    5.44290333644342934349E-03   -3.85203891245214369299E-02    1.13214911550634803050E-01
    2.63755607899570865271E-01   -1.60333684034408134080E-03    5.33756756910194383146E-04
   -9.99342458836154469773E-04   -2.12447939200438168372E-01   -7.86801239420137203152E-04
   -1.84957197485905886977E-03    1.14348417917322503490E-01   -5.41880500917931606786E-01
