    1.00089392566862822598E+00    8.10688913154603875422E-03   -3.64627256954756866266E-16    2.16885923510501225919E-03
    1.15885127405445146308E-03   -4.43198142463139488356E-01   -1.81818994690227361081E-16   -1.50184825100798002850E-01
   -2.68279974937285807177E-03   -3.77631769452243526430E-01    3.04154708821648491188E-15   -3.48912878835442918923E-01
   -8.33083557202325132685E-17   -4.29660080895912103079E-17   -6.01315906243053832703E-17    4.78005606358459650908E-16
   -2.82642606959025388760E-16   -8.23275470005677570747E-17   -1.91044686786356896550E-16    3.13891934772467424456E-16
   -7.21198569776294553925E-16   -2.82077541254269945586E-16    4.89612782427563897336E-01    1.48334037363828111572E-16
   -2.36924625199283304261E-17   -2.87780170823720080163E-15    2.22699289920282844646E-01    1.12173481695291402386E-15
    1.75453498178125815582E-03   -7.83211339781818005612E-02   -3.63575208329521861390E-16    5.45208455428462412939E-01
   -4.92533356038665965683E-04    1.26756659450374727788E-02    2.74304044810206220882E-15    3.65595085922362339481E-01
    2.83745225082287699309E-06   -3.57656738287487059418E-04    4.08548749885195882412E-17    5.15018716525839082010E-03
    3.62508079381882711218E-17   -3.05497123016944640605E-17    2.52338707055553619064E-17    9.43326440265405132778E-18
   -4.01128159167228319112E-17    1.75386440719972426090E-18   -7.35916036816608549008E-17    4.14331931963816818311E-17
   -6.61589157145567660764E-05    1.49388409406841626142E-03   -1.74694605842189720625E-16   -2.29621717703172752156E-03
   -8.48802121759408033855E-16   -1.00322190918666883769E-15    2.67019245542622594980E-02    5.35390442691622229893E-16
   -2.26173976593641923912E-04   -1.92471240313940888944E-01   -3.27424395244635901836E-01    2.06438437566541843626E-01
    4.22010020809357173747E-04   -1.01609693960567019216E-02   -9.03093595038505225769E-02    4.08977670856264310939E-02
    3.30528410446342833906E-16    5.62841518903243911022E-17    2.08692688502595573344E-16    6.38703926991430730210E-17
   -5.63070365695810806303E-04   -3.71522959919080922320E-02   -2.33349869048337758837E-02    3.17458613879866360930E-02
    4.76291434421094309667E-04    2.04138539013801849353E-02    3.26279614619228094941E-02    7.44744156095118910177E-03
   -2.26173976592298976891E-04   -1.92471240313934449651E-01    3.27424395244629018453E-01    2.06438437566542343227E-01
    4.22010020808394564849E-04   -1.01609693960595173778E-02    9.03093595038544083575E-02    4.08977670856273400890E-02
    3.38023313401409725196E-16    3.61258133829876375107E-16   -9.48278701057025232036E-17    1.38143899855148424113E-16
    5.63070365695377884376E-04    3.71522959919073220147E-02   -2.33349869048314374764E-02   -3.17458613879856021978E-02
    4.76291434420385837757E-04    2.04138539013789636900E-02   -3.26279614619232535833E-02    7.44744156095195931899E-03
   -2.19962485729272990152E-17    5.20406580193488663144E-02   -4.97809501169836968869E-15   -1.68344624791841247137E-15
    6.45894938912891166890E-18   -7.26476616497899879699E-02   -5.98652247710777840361E-15   -2.13543462767690358289E-14
    1.96592823665605998819E-16   -1.00006855544074624298E+00    3.85105987306464581805E-14   -1.86717974962480093746E-15
    6.31266574925680168384E-01   -2.07085489272142006421E-16    2.35853509096834318761E-16    2.18731767639124454588E-16
    4.95775899153451382606E-01   -1.05967554631980248779E-16    1.94804504528613708322E-16    4.24504577405551073668E-16
   -6.37312604479476857198E-17    6.79038878655903103845E-15    2.83976808589364915214E-01    2.68749031400835169947E-01
   -1.00454980604501400977E-16    6.22153875224190793124E-15    6.70910389732217504744E-01    4.56228517135395139626E-01
   -5.31291875035096676750E-16   -1.91498299921386644362E-01    4.15822100417619863780E-15   -3.67229068698577233694E-14
   -2.22616052256369063076E-16   -3.38143989473969008852E-01    1.19159889920949139803E-14   -2.21130235485979069234E-14
   -3.32485459039940352813E-18   -2.17397925215236965946E-03    1.78569026772864663294E-16   -6.85588856545029809948E-17
    2.87383514129489642647E-17    7.25845935471451077741E-17    1.47122878988830288395E-16   -5.04177150700593161296E-17
    1.81679673379607810324E-02    1.33290783216923495576E-16    2.06446356718916126466E-16    1.11687435029882534113E-16
    2.52141777683712784934E-17    4.92198026363509927306E-03    3.52649255333871866821E-18   -5.53521878704531384995E-15
   -1.12058998292324215891E-17   -3.34002166257494889460E-17    2.10568532153756274306E-02   -1.11482977641415917369E-01
   -4.09789315047413571521E-16    5.95156140261277888381E-02    2.65721811819692420309E-02    9.43977406750410752423E-01
    1.33093376483066679290E-16    8.28139804505918175614E-01    1.43928147632665259792E+00   -6.90341307645621404809E-01
    3.09693443594472248015E-02   -3.99120070267390667616E-16   -1.18546979180186091019E-16   -6.29549491535630201519E-16
   -7.46184031073699416015E-17    1.73194736475120944497E-02    2.06452080037241372801E-02   -7.32593577004949231268E-02
   -3.03653534213132823232E-17   -1.62053485087728758873E-02   -1.69048445742162704863E-02    1.52101241005505621873E-01
    1.34644713242012644440E-16    5.95156140261470859021E-02   -2.65721811819769025698E-02   -9.43977406750191816442E-01
    2.02606069865842464150E-16    8.28139804505831911285E-01   -1.43928147632670033751E+00    6.90341307645508384105E-01
    3.09693443594459653923E-02    5.47874223418562255162E-16   -4.28750627178237491836E-16   -3.31713059732721561374E-16
    1.49959864707172680916E-17   -1.73194736475106234042E-02    2.06452080037236862520E-02   -7.32593577004336249381E-02
   -4.32083002855196949961E-17   -1.62053485087732020153E-02    1.69048445742164300809E-02   -1.52101241005492493485E-01
    6.57584520596188326635E-02    3.13431605745576871355E-03    5.53221841476184179004E-16    3.44065367271036764509E-15
    2.56457028067762715651E-01    1.14513152447697913461E-01    3.87860223885163096786E-16    6.22012177172307600438E-15
   -3.19774903884280758959E-01    7.42017563370372945641E-01   -7.91478416937242923724E-15   -2.10580572461775888388E-14
    2.08627684864445788215E-16    7.48457895142821927861E-15    9.67844452694583412544E-01    1.27794338532028639912E-15
    2.09500964078958129594E-16   -7.26946134342534542908E-15   -1.02298216343177772458E+00   -8.63768920834260470643E-16
    4.18209931890452304085E-14    2.54813965795832953570E-14   -8.39360154719633773098E-16    7.35210686139707414455E-01
    2.29588052531397702316E-14   -6.15996913656100532018E-14    2.06870004851869854836E-15   -1.76129480305053842670E+00
    3.28987903570665429775E-01   -7.55291335876918656922E-01    5.91109371472261963927E-15    2.11131663564704585623E-14
   -7.49859440836822804116E-03    1.27496277480814135252E+00   -1.01561429127553456619E-14   -1.65558573589848295608E-14
   -2.45018132358530173458E-04    3.77659345948685347752E-03   -1.55729396700872821334E-18   -8.97104756970032845200E-16
   -8.98304198268773733495E-18    1.30806863567477403921E-16   -2.27625480843145352358E-17    1.51767674446783684761E-17
   -1.12956551822810116236E-16   -4.40871459118167928725E-16    3.33205387754403978967E-03   -8.39462116535731830257E-17
    5.33281514265474543279E-02    3.40121944878190229575E-03   -5.45573063036567569940E-17   -1.67373443961136518263E-15
   -1.79740775790419276666E-14   -3.83016166317027223115E-15    1.40930118501043924506E-17   -4.37835348901554899381E-02
   -7.89991438630906483986E-01   -5.41942597679574089575E-01    5.07640636507601054545E-15   -3.77854087256640325254E-01
    5.49512375394526131345E-01   -1.13074601362809043503E-01    1.80609805269430418949E-15   -8.21163875963673017822E-01
   -7.36209303883692461234E-17   -2.17951065623446882751E-16   -1.08462986917669222675E-02   -6.24457565423863384424E-16
    2.93839417673623093386E-01   -8.36095774627089727282E-02    7.68157488686812735388E-16   -3.03236001262805587864E-01
   -5.88370111861446429269E-02    2.52580599254170923285E-01   -2.54619337204384892068E-15    1.85329216347667746767E-01
   -7.89991438631120979075E-01   -5.41942597679557547252E-01    3.94363797825745348482E-15    3.77854087256669024519E-01
    5.49512375394724306155E-01   -1.13074601362737461874E-01    6.95621647368162065125E-16    8.21163875963670242264E-01
   -6.64673740025088664119E-16   -1.14506798378104961997E-15   -1.08462986917662786851E-02   -3.60619506961502267074E-16
   -2.93839417673645575402E-01    8.36095774626881976799E-02   -2.61338855988325550282E-16   -3.03236001262777166154E-01
   -5.88370111861975242373E-02    2.52580599254150217625E-01   -1.96358689982279007880E-15   -1.85329216347712794066E-01
    2.02244041840971472412E-01    1.33661683091549437254E-15    1.77776815293548314966E-16    7.25583482680575486690E-01
    5.29768054585358139086E-01    3.60328623359486055502E-15    3.91584345396645600108E-17    1.59580230475253470601E+00
   -5.03914411887531277223E-01   -3.98482334957812282963E-15   -2.15613474734948940746E-15   -3.02770659544032483268E+00
   -5.46213263843899256391E-16    7.87213080844276376084E-16    1.50655274918821777824E-02   -6.49977433668091124106E-16
    1.69080729009537767279E-15    6.47677018001416369636E-15    6.35326952436412240033E-01    2.78516575002307233776E-16
   -2.13606260517622703769E-14   -2.12947625540933999970E-16   -2.77336087039027947324E-16    7.99465457311854920560E-15
    5.04834891539502947302E-14    9.45339631178512597844E-16    1.95404522877629405685E-15   -2.24825327389260337264E-15
   -1.35276662634677219410E-01   -1.36684948603695056813E-15    1.02605487424989019857E-15   -1.05241422754605171153E-01
    7.41768264256434828319E-01    4.11715967388787029467E-15   -3.11349472187967525362E-15   -9.67578822471750976675E-01
   -3.40457201879778917353E-02   -2.41076422507445927826E-16    1.62778146662779005122E-16    3.30136381547398161107E-02
   -7.48120420438490838245E-16    1.31661896799426580973E-01   -1.93290431519486119045E-15   -2.07136966816433022069E-16
   -4.22925015861340519818E-16   -1.07515202618347413439E-15   -1.60988376548516554099E-01    4.99041475792375231517E-16
   -2.76745050918934592729E-03    8.65250292424628314273E-17   -2.57829997420121612376E-16   -5.41267653469808054933E-02
   -1.04990150411199553575E-15   -7.38554425195921008766E-17    3.74523334039654204499E-16    7.83276194239414979950E-15
   -3.33864661471037882379E-01   -1.63948637039036723284E-15    2.08109985563369458863E-15    8.24592810359945249665E-01
    2.08490850562779023170E-01    2.51992910461872702828E-15    1.29072349060488055639E-15    3.87117126026806090966E-01
    2.31981266382115745786E-15   -6.85371898818780245222E-01   -7.66529418949039698106E-01    9.44823727489328444411E-16
   -3.31163753045876585457E-01   -7.91272601983269642777E-16    1.06538046774024273998E-15    3.72656926790456588527E-01
   -5.43707185293871075871E-01   -3.29506028089065304288E-15   -5.45099713140504543376E-16    2.32602982209207144459E-02
   -3.33864661471060863995E-01   -1.03583276458689149683E-15    1.28899488101715584702E-15    8.24592810359952466115E-01
    2.08490850562727231265E-01   -5.62275858796425542867E-16   -1.20174807287902124337E-15    3.87117126026775115744E-01
   -4.81988325679796383090E-15    6.85371898818765146189E-01   -7.66529418949053464871E-01    5.04821125213632586716E-16
    3.31163753045899456051E-01    9.26602228917790421011E-16   -1.43147268233061315078E-16   -3.72656926790432885266E-01
   -5.43707185293867412135E-01   -2.86181334680376205609E-15    2.14291833981163344998E-15    2.32602982209252351353E-02
   -8.37663698834956821193E-15   -3.79044754467053462955E-14    2.72539604146122105277E-01    4.79726970961082612619E-16
   -1.92352579573636146969E-14   -9.81458840483752097181E-14    7.18227339230678052395E-01    9.58807260621587086187E-16
    3.04045059574449598356E-14   -8.39070770648460151560E-14    7.98436328850194221296E-01   -1.63073547362702701269E-15
    2.07739703545620638126E-16    9.35850176152358819856E-17   -1.77026155341165643567E-16    1.27209432341732972538E-02
    3.98583409759167803766E-16   -6.85803078223682120225E-16    6.36777814582418219572E-16   -3.09805348034227379106E-01
    1.24722379636992321272E-02    8.36003615533961075279E-01    1.01222730960118705182E-13   -6.18023175355732143840E-16
   -9.01246234464187723212E-01    1.52700779381971601945E-01    1.51232304042074386871E-14   -7.14158577892729680555E-16
    1.34671170593486647138E-15   -8.20070109399948573957E-14    6.67505081802313382511E-01    9.30211104484817209378E-16
    1.50624511180532993841E-15   -2.09579552812931973602E-14    1.81997765631427305122E-01   -7.74648689061825291863E-16
    4.58181270696547157542E-17    1.97093965557199761671E-15   -1.52695446168840502643E-02    9.91237620987936014089E-16
    2.28692305494673082228E-16   -2.88565746335248512521E-17   -8.00526256322433057766E-17   -8.03839727401452529676E-15
   -2.75089757367555030004E-16   -3.53097853018866062806E-16    9.31846812153641870856E-16   -1.04202568555972030495E+00
   -1.22911586508581435747E-15   -1.01547059413151569846E-14    1.07894867734305260898E-01    9.46031890060388452413E-16
    2.91316271401725439272E-02   -1.37207736588722511994E-01   -1.77705851392429822456E-14   -1.39209751442411589397E-15
   -3.87247337049764550621E-01    2.91177085827815762542E-01   -4.76719544056619537464E-01    2.41268394079833065846E-16
   -9.15433001912229898922E-02    3.30357607568401823173E-01   -1.60074994328561953649E-01   -2.77773932600651509660E-16
   -7.26886239060470163232E-16    9.39675859945176605355E-16   -1.12729040071974460986E-15    3.96375551867468756129E-01
    4.69502943787964699407E-01    7.23014035220148842953E-01   -7.44563316428887955745E-01   -2.13393168494850595954E-15
    6.93165244728640828065E-01   -5.53844933865466848566E-01    5.36441686778685644654E-01   -3.82078449819147692647E-16
    3.87247337049767381689E-01   -2.91177085827697079701E-01   -4.76719544056683708355E-01    1.84022432135443607609E-15
    9.15433001912044491677E-02   -3.30357607568370792439E-01   -1.60074994328647524089E-01    2.52122892104418071298E-16
   -6.99389630805947315568E-16    5.97046825505289064155E-16    2.03186569424205944144E-16    3.96375551867475361956E-01
    4.69502943787967808031E-01    7.23014035219967099444E-01    7.44563316429065258362E-01   -1.45592237918696141056E-16
   -6.93165244728638496596E-01    5.53844933865333954870E-01    5.36441686778813764391E-01   -1.73836898297347793425E-15
   -3.96865647601053252192E-16    8.40779210834508711203E-02    1.46849780676880342645E-01   -1.50739857645958825332E-14
   -5.28744404088556997575E-16    1.54094064959088422606E-01    1.84183459613766475904E-01   -2.27834108660298411676E-14
    5.82358493847393808272E-15   -5.53629687423951022396E-01   -2.26036870916520005181E+00    1.77494629758433722101E-13
   -3.90410672401641020720E-16    2.50036587725081234317E-16   -3.56977524342558488827E-17    1.09502954933622583390E-16
   -1.22691189045801511359E-15   -1.07944841744157371419E-15    8.27447655799710300099E-16   -8.24676001447114500448E-16
    5.85784027967258007168E-17    4.08861901411036600264E-15    2.56871263806946918338E-14    4.63194570427363783161E-01
    6.45734466925410013680E-16    4.80407862627038082133E-15    6.95624238572819747306E-14    1.14089742332425969629E+00
    1.27907002463024619229E-15   -1.73729969802852608762E-02   -4.00248083319390324242E-01    2.86548512707320964030E-14
    3.61907545790452240883E-15   -5.34708786098853083857E-01   -9.19899988774245391809E-01    7.45477565897507421450E-14
    1.58763189802277139467E-15   -3.12636843591881263826E-01   -3.93822337972311239951E-02    3.62942915616119974693E-15
    1.06521863760165746982E+00    5.53837436038417457812E-15    1.71423465102042708107E-15   -3.78483016429237419746E-16
   -8.31358005614467472306E-15   -3.68895292960813924651E-15    1.13487632649166762137E-15   -1.24671575389221174956E-15
   -4.63560864633048950008E-16   -8.81913937428203259516E-02    5.79499018948803956697E-01   -3.83658832217646924432E-14
    3.62445804137954366958E-16    5.34927712987683016299E-15    8.83965259836504867985E-14    1.32427772608777627461E+00
   -2.51426490611642303114E-15    3.03468222329068504362E-01    1.22976473214470360951E+00    1.07793320484359678169E+00
   -1.61628227208124629483E-15    3.75170530348546485411E-02    1.91624085264426313735E-01    2.87736707676261360689E-01
    3.69761951458763726830E-01    3.24698191390195828497E-15    9.91880270340253613294E-17    7.02235713283011630687E-16
   -2.96484815466654256317E-15    3.51228648390029318804E-01    6.19786523487692586620E-01    6.03869419064708701228E-01
   -1.20286740223191512133E-15    3.14083776293174909977E-01   -4.91304875834122078970E-01   -4.92659762106699483653E-01
   -3.95137109087216062599E-15    3.03468222329061121378E-01    1.22976473214457371341E+00   -1.07793320484378840618E+00
    3.83573418426363615718E-16    3.75170530348463704406E-02    1.91624085264386651017E-01   -2.87736707676288172575E-01
   -3.69761951458759230427E-01   -1.10404959603484601473E-15   -1.96843312745054487840E-15    1.15822646555110407944E-15
    2.88656461414366315587E-15   -3.51228648390023046044E-01   -6.19786523487619089856E-01    6.03869419064801737917E-01
   -3.61265022408308586888E-16    3.14083776293182126427E-01   -4.91304875834065180040E-01    4.92659762106762100231E-01
