    7.08106171037919285283E-01    9.82924828320113491698E-03    1.63437860488147338432E-03   -5.46446547022687854119E-05
    1.70162108034355727751E-03   -3.01666652098369625357E-01    1.01076393399475942397E-02    2.23176170543712540156E-04
   -2.67078022701484852838E-03   -2.21333349226925768516E-01    3.53621460139355858754E-02    1.72895102781040485920E-03
    4.07332945153413103923E-04   -8.49635103538568248194E-02    3.88378417971549705356E-01   -1.00438446372421025243E-02
   -2.92895299058437350026E-04   -3.99292483845793133579E-02    2.00762501572742807499E-01   -5.87202041856144368176E-03
    3.82190076065808022061E-06   -4.17310088844909132279E-04   -8.96592417949867298566E-03   -3.24827231321567988509E-01
    1.04476166427000216440E-05    3.78898132067274342680E-04   -3.55239155482923703658E-03   -1.56936925007878841365E-01
   -1.33429107140190373985E-03    4.24077133207041642726E-02    6.02789229297139780850E-02    2.26769236223515070067E-03
    7.29287285292728581360E-04   -7.67841475569118209893E-03    2.33992653211908610555E-02    8.15695942582834879545E-04
    3.56172059443360354016E-05    2.70817572805267950745E-03   -3.56075443884908745401E-03    1.37737352295687789618E-05
   -5.50931612050158236852E-06    1.60651027468907618527E-04    3.67250564242020032316E-04    1.85852921452618093101E-02
    1.95221423781064148083E-04    4.50481298373462887841E-03   -2.03478472844799418429E-02    3.35043387194301778027E-04
   -1.85097592755118731675E-04   -7.55109277709193130179E-03    1.26980391567183010376E-02   -3.29738015523949956967E-04
   -1.04524988732949562689E-05    8.05866698378759118695E-05    6.44571393206740095826E-04    2.02942092779807951863E-02
   -1.42226245270723100677E-04   -1.12095426135100914578E-01   -1.54707763427265138079E-01    2.57062007222092492320E-01
    4.91186059429827063215E-04   -4.07922566922143924051E-03   -5.20393675309275341445E-02    1.05244398916258419252E-01
    1.07993061639935446000E-04    8.35586794087936172992E-03   -3.02242778492930845580E-03   -1.19059502001455166931E-02
    3.79661856706998144303E-04    1.87437805303601462414E-02    1.69453788156106177620E-02   -1.06457676288253082209E-02
    2.71930235511316212207E-04    6.92750439799492273574E-03    5.19753788792260904006E-03   -1.33252798244212471851E-02
   -1.71700427952626948330E-04   -1.14840426884269083962E-01   -1.68435984211254441423E-01   -2.49508522139854471700E-01
    5.03488373226075439960E-04   -3.89952640190790230518E-03   -5.62395874439673149059E-02   -1.00712311920075250904E-01
    1.13207959798737356786E-04    8.43907426624942134941E-03   -2.65941276385702179280E-03    1.20308010458550548177E-02
   -3.89259228836178719675E-04   -1.88048553366059259528E-02   -1.73282816983696304203E-02   -9.43957435816977601106E-03
    2.83854729008458739423E-04    7.31733554332274042931E-03    6.12386112368342502149E-03    1.31077220319005746663E-02
    1.83690217737004211386E-03    4.39438695575707707897E-02   -4.35485005761566729057E-04    6.93908956949720323593E-02
   -8.00686213328738738415E-02   -4.90485955400120424152E-02    1.70550716912380614628E-04    2.14866555256169572408E-01
   -2.17860306419263710653E-01   -9.41542295763481362769E-01    1.48172202115915419007E-02   -8.99135472348164405121E-02
    1.18755315761262636443E-01    1.07429430879361395568E-01    8.57098954943890014712E-06    1.36033237246233451589E-01
    9.57662366699670447590E-02    2.48787177918759427886E-01   -2.86368420911807856043E-04   -3.78268718914955281996E-01
   -3.34626936288281171331E-03    3.21326226380031637619E-03    2.17459427734763066642E-01   -2.01907054220084314355E-02
   -3.08911607121838040907E-03    6.83411500315566668162E-03    7.07517116589832850693E-01   -1.93940754117721721184E-02
   -4.12386079885999068395E-01    9.22544203913528287897E-02   -1.01914447537569652878E-03   -2.44491192411321611733E-01
   -3.82927348785997267999E-01    2.53705697143760178225E-01   -5.15965034621805422599E-03   -1.09990714870746800896E-02
    2.11706465178173371816E-03    5.39896997448357954079E-04   -8.83644212820209289235E-06    7.45135972542484113779E-03
    9.23984575282936314170E-05   -4.15293779170346905039E-05   -9.84249122514141254470E-03   -4.03030279496736920652E-03
    7.63191921310414026630E-03   -1.26116310782591195538E-02    1.42559680651124060739E-04   -2.96414755357540804503E-02
    1.78313072655609454291E-03    2.42697077987177748173E-03   -1.13905918531758874011E-04    6.14700881167240392733E-02
    3.76048298082681817039E-05    1.34627682073293716185E-04   -1.66211563855592908689E-02   -7.43177148714610491531E-03
    9.19849982930836668205E-02    2.86748155269825645564E-02    2.43447970466707276638E-02   -5.65731072072335305911E-01
    2.32262095458391527869E-02    6.60093325132583674808E-01    1.15960359919510058724E+00    3.55283585031672122234E-01
   -5.40567344361764668542E-03   -9.53048009136367620109E-03   -1.29896011564375017666E-02    1.30164527103174051254E-02
   -9.20518752915081527044E-03   -1.21919870756467384892E-02   -1.58387225751676491425E-02   -1.56070206421688562060E-01
    1.36250059631052005543E-02   -6.83506195763326513531E-03   -6.08323505432549309357E-03   -2.65562196848041255637E-03
    9.07628143220540473113E-02    2.87080530632834035609E-02   -2.35937943519669117431E-02   -4.74586859153297735414E-01
    2.05741504652013768029E-02    6.54705776684370799323E-01   -1.17440042251294984865E+00    2.54746250015184083626E-01
   -5.36742839267586712565E-03   -9.39080413467350584578E-03    1.32187131984796008011E-02    1.38630650495771331338E-02
    9.32187282000796098302E-03    1.21832176871752087544E-02   -1.64803778474609946558E-02    1.49132939327613928127E-01
    1.37342234212173876229E-02   -7.20178792715720460238E-03    6.54763025751191243135E-03    1.10406326098880340492E-02
    3.85336512329691139797E-03    3.39427497569012425610E-03    1.11029780493560330419E-03    6.68219297983795174067E-02
    1.27678458972138968164E-02   -3.78045831111919550596E-03    3.14759089381164104335E-03    2.18143459260763922236E-01
    2.12435376177724094537E-02    5.75842877582758205790E-01    7.87548570058761721047E-03   -2.84321658428937695806E-01
    2.94477877632597709323E-02    4.60476085595560191699E-01   -8.99614770272283599539E-03   -3.28779112643507231972E-01
   -5.39357825690184936041E-02   -6.56548272019384926423E-01    9.63576782527922684474E-03    3.14216679693907818827E-01
    1.82036673476129007287E-01   -1.93838180441290724998E-03   -5.33568601458373592550E-01    1.93332408867269434083E-02
    5.44235107533353468234E-01   -3.23732632924513541450E-02    1.47784949162045831095E+00   -4.58046039391651338413E-02
   -7.17768701676397592737E-03    3.29955451591339321560E-01    1.99929137449660829229E-02    5.20265953498086575202E-01
   -2.91178507254433588392E-02   -6.49567771416420525199E-01   -3.77207500888947638851E-02   -8.36126959047576834294E-01
   -4.91689628464229457061E-04   -1.79002992235414506994E-02    4.05956738264803362968E-04    2.16016245829988955129E-02
    4.71682589705837221339E-02   -1.96349653378503083770E-03   -5.73479046136128323141E-02    2.19932410005107062401E-03
   -1.92299558867345898004E-03    1.31797367165258638710E-02    1.07699400086971484522E-03    9.32522441644211691480E-03
    4.75237490685095822357E-03    1.47052353371752188294E-02   -1.22998486911351980616E-03    1.69467686316477413478E-04
    1.31365624974476763454E-01   -6.92197369716233360665E-03   -3.52705419650660156883E-02    2.46014687251753941602E-03
    6.18411533074770702889E-01   -5.92584169268423055499E-02    1.55681927254837149111E-01   -2.58369514150865953184E-01
   -5.49965887859239388469E-01   -2.08947782139177445915E-01    6.38858039008869615927E-01    1.28201385031690900940E-01
   -2.08488513570886675047E-03    1.32192743131445411553E-01   -1.92454041817971183148E-01    3.39830821824976050949E-02
    3.72239993806162058898E-02    1.24794279169667163276E-01   -1.39631807623017245579E-01   -8.00037215264657042280E-02
    1.18473397800575169780E-01    3.05085541851642001732E-02   -4.02769324770043193884E-02    5.09423024828555906507E-02
   -6.90984501974578058103E-01   -8.55395861113734945480E-03   -1.65091668496989196768E-01   -2.50769899644358418289E-01
    5.68762642663507622665E-01   -2.46564634150764072640E-01   -6.44667608657804036554E-01    1.64665239281537228999E-01
    1.30258770441831744219E-02    1.26896088620491398480E-01    1.95042919847201567940E-01    2.49143574038096470014E-02
    5.13003977154715337661E-02   -1.28258540818079136425E-01   -1.40051870940580608371E-01    8.93472195441654126746E-02
   -1.16286237065204287044E-01    4.16548156826571161493E-02    4.55259022999090837147E-02    4.32174429014811484207E-02
    4.05971876112234009160E-01    1.00031146233646060437E-03    4.07009909251889456794E-01    1.32812887076365370755E-03
    9.15240018671087729452E-01    2.06073083460573108078E-03    8.46983265297308163255E-01    2.86902286669170640196E-03
   -1.52368148416332815920E+00   -3.45585449636695270573E-03   -1.61999201038264328822E+00   -4.72285536589552544517E-03
   -1.06963559488387240093E-02   -4.70396670333564619754E-03    5.56597745633956517142E-02    3.44888495754673129329E-03
    2.40805315087626176096E-01    5.18050435242717408763E-03    5.37911911109692941757E-01   -8.91772030115824815288E-03
   -2.28423011255197245736E-03   -1.74213478121880954719E-01   -7.14664472452767197269E-03    6.50714974219934998850E-03
   -1.65355369806341229340E-03    5.97123342313299665385E-01    5.88896107031639578361E-03   -9.67568796439700506973E-01
    1.70531024918938317603E-02    1.44443667207126875962E-03   -1.22296700935361615792E-01   -1.72534872481439321285E-03
    8.76780603897984209087E-04   -2.68176580532653767788E-03    1.10711015431867876302E+00    8.42649966987548369735E-03
   -4.86435426728782857597E-02    1.83693697968414202965E-04    4.98874265295530527897E-02   -4.43186055873607208898E-04
    4.61083888817224725291E-04    8.15889478982732702095E-02   -3.02995260311830686523E-05   -4.24250665142798868978E-02
   -5.45320787649516136586E-02    5.43432454199007340667E-04    8.62115435747191211080E-02   -1.61073405226291009595E-03
    2.06943578666823682632E-02    3.20507795588554603335E-04    5.15878730945736260760E-02   -4.21330981971031431725E-04
   -8.23180813418392825533E-04   -6.32617075165069764342E-02    1.48278882488946063198E-03   -4.63244965127413213524E-02
    1.36661794598401414857E-01    1.75058149745985519585E-01    6.49428162511762607778E-01   -3.26427585539744546939E-01
    3.51587745146230312709E-01    1.33498564295406380031E-01    2.01201272115130141982E-01   -1.26818036668600420125E-01
   -2.21387837562099648592E-02    4.04541322290852101151E-01    1.70713467121083484201E-01    6.59818806210717007099E-02
    1.53816986059992204944E-02   -2.03988799487907795926E-01   -1.83598346613186108600E-01   -2.71181821226561536875E-01
   -2.82049753930498359189E-01   -1.25868710653574106262E-01    2.28473681091850899794E-01    5.01737719645337421071E-01
    1.37229809185387907622E-01   -1.73860939702560252096E-01    6.53473459915368315443E-01    3.27946977015735940952E-01
    3.63290134465036496092E-01   -1.32047532673977396911E-01    2.12594627026540389236E-01    1.28961329395543278231E-01
   -2.07450742518403147274E-02   -4.02875524363735193489E-01    1.71370468365064504424E-01   -7.75010397773078923978E-02
   -1.77027606249532017124E-02   -1.97505992923333123512E-01    1.90119250304021852882E-01   -2.80150052867344567797E-01
   -2.82976023923362407508E-01    1.26201071003031350948E-01    2.21913553860444617838E-01   -4.90767889756216046937E-01
    2.16743537070514608045E-01    8.95574814298867767637E-03    3.14283146568464103257E-03    5.73079324784996763098E-02
    4.95031344045334498194E-01    1.35183929501608308260E-02    2.99408980265753084382E-02    1.79116650420972689517E-01
   -1.62746583829072116734E-01   -7.81506663427530834376E-02    5.11910418942555844879E-01    2.73524237992870344893E-01
    1.68132392212265002751E-01    5.05765089495083391968E-02   -4.73492164250139735415E-01    1.55646022344432005680E-01
   -6.12671875058102832767E-01   -1.15495763266648936857E-02    1.45051980400387220405E-01   -2.64488503803307961615E-01
   -4.19341871641344243055E-03    5.37711852660956779459E-01    5.42758364683184058030E-02   -3.03094441719087065099E-03
    1.81931573834245331744E-02   -3.94949385578214684500E-01   -5.25891124981923280268E-02   -1.63573809267114171628E-02
    3.33853820718211999341E-02    1.90021381993097406016E-02   -2.28276855070668083236E-01   -7.10988237085865698583E-02
    1.25399092194867257943E-02    4.09233985723736273799E-02   -2.35368775587052603271E-01   -5.82672291003314413160E-01
    4.34307558523934576084E-03   -9.76981406477347037037E-04    1.20503890000655030507E-02    1.93997327242309447470E-01
   -1.07251966364234059374E-03    9.41660084472847047632E-02    9.08990741046652485358E-03   -1.63242814976088273550E-03
   -1.91566461379822999822E-01    1.36418467883248732686E-02   -1.50401805275533512196E-01    6.22167622902003968066E-03
   -4.82857209446149564236E-03   -1.75540448773906718194E-02    1.94564980531473419312E-01   -7.97500850300432717610E-02
   -7.56794075854722654746E-04    2.75754623816555355376E-01    3.53807855896471623591E-02    1.11448834759804195349E-02
   -2.34804080991066962958E-02   -1.10096170150216443595E-01   -1.81803122821302620693E-01   -2.41328782817658293869E-01
    2.49561752099175700181E-03    2.35065490656841180606E-01   -1.20915912093123925630E-01   -4.51157918837400279122E-02
   -4.38500212943690070855E-01   -1.94388498997491027120E-01    1.22432603971831907574E-01    7.73954824882830128008E-02
    1.44863534479735961424E-01   -4.57438775387918217241E-01    3.88927912657395624674E-01    2.53593952820064416631E-01
    2.61017459055906730914E-01   -2.26956822356418647102E-01    4.28570797214345156068E-02   -3.11404616722154747865E-01
   -3.56431473995516417963E-02    1.61061187570681163539E-01   -1.50365296731929054541E-01   -2.32488181876890021016E-01
    7.82121877419829922631E-04   -1.98772692329877792572E-01   -1.60424799617046032196E-01   -3.97714239524371918066E-02
   -4.43155681783187260780E-01    1.59846882202505979897E-01    1.53068673130285548556E-01    7.12949866967601680878E-02
   -1.30567572361718869933E-01   -3.64219394557762865539E-01   -4.73974885922223199142E-01   -2.57702579734209846762E-01
    2.73757974625858768736E-01    2.24289203426026428900E-01    8.87685120596354293454E-02   -3.17698652295572370186E-01
    3.78249235848656384373E-02    8.55763281266944120240E-02    8.54793825523637307295E-02    1.10140740925998015243E-02
    1.19444189517989046712E-01    2.61115126642774975085E-01    2.81211015544072240324E-01    2.66398067086182598062E-02
    2.82316376905075605563E-01    5.96647802832815710161E-01    1.08154883166789428373E+00    5.77238570836693457022E-02
   -7.72373426360696557769E-02   -1.63083526071671786051E-01   -1.36497164114271207769E-01   -1.26696463673025352947E-02
   -1.21743184231255254478E-03    7.13223164912992185077E-03   -5.65801271122675308867E-01   -2.46870659601318362397E-02
   -2.73946047062591124810E-01    1.38724704610843435626E-01   -1.12439597905194272470E-02    4.89644395886007943730E-01
   -7.46433667707118941870E-01    3.54885713232884258961E-01   -2.49798069945839397443E-02    6.96692840172430494228E-01
   -1.20988898868461799974E-01   -2.65505942444504872135E-01   -2.49313282775341038544E-01   -2.06536068635356818979E-02
   -7.50677500944350872825E-02   -1.83126446671528442245E-01   -2.92770134408360360734E-01   -2.22425173530700036328E-02
   -3.32893189086165622315E-02   -5.83396461525043860674E-02   -5.58707430451384837178E-02   -1.02972284392848336190E-03
   -3.66996860086634346665E-01    1.86064337617508873679E-01    4.21757826115011572043E-02   -9.43939053207104361576E-01
   -1.23574168227793490527E-01   -2.72287718541531498229E-01    8.45888101141131221183E-01    3.76580054224241386751E-02
   -1.48138322365967828320E-01   -2.99888964446180128487E-01   -7.95968639333207994557E-02   -4.81823950387551703384E-03
    6.91456571316155677032E-01   -3.36633403796148866771E-01    1.21137194650523857126E-02   -5.02270792350493877620E-01
   -6.48032722628671065124E-01   -2.07866733431711997460E-01   -7.03806051140927091403E-01    7.40569094106223402285E-01
   -2.40484075076193543063E-01   -3.86935515396066940369E-03   -1.75398162694041376275E-01    1.75712119240145403509E-01
    5.24777708245384610919E-01    2.51687599269408202041E-01   -3.58196410599608619507E-02   -9.12245710237212514837E-02
    2.93694062890562490598E-01    7.79696790140275708403E-02    5.47797731191158931985E-01   -4.76715390022205698362E-01
    1.78188550957960017973E-01    2.75695560303749254150E-01    2.31691264621844361660E-01   -3.44169647085062813119E-01
    2.49902481692453687367E-01   -6.44649909761705997013E-01   -6.63391110167758757399E-01   -8.26985053538189740507E-01
    1.47537691633940981628E-01   -1.90981283151476666227E-01   -1.64681759066475363884E-01   -1.92190962603938059194E-01
   -1.33831472355622482784E-01    5.76234555409291360206E-01   -4.26908562552765977194E-02    9.26303657118274503812E-02
    1.27619705325419940944E-01   -2.73867154229316123182E-01   -5.14505967657198026721E-01   -5.23817646370832279423E-01
    1.12309072480847441100E-01    3.14007039911125718223E-01    2.14429493625908434984E-01    3.77337067864165209841E-01
    7.08124004897939585135E-01    4.01481452073475155590E-03   -3.67506651558219279998E-06    2.07288408141587804367E-03
    1.66448629516211584617E-03   -2.80042924342326748910E-01    2.21969789400261983958E-03    1.16906949245620964128E-01
   -4.45641550021199251558E-03   -2.22548182782091596987E-01    4.69316150057410685220E-03    1.83654633139829992494E-01
    2.73544115563165179429E-04    1.13512555637814788190E-01   -1.27379107834509801636E-03   -1.54686786525326507719E-02
   -1.35210989662919709754E-03    4.61432915518965452994E-02   -7.77483987739617022662E-04   -4.75657062084621426457E-02
    5.02035785759407857370E-06   -2.29780981308821009163E-03   -3.20688951255602650026E-01    3.46735845978636287451E-03
    1.39551731946564850333E-05   -2.71399535376972377270E-04   -1.55627089782062744128E-01    2.59056164095180976176E-03
   -1.26729639394710063942E-03    6.76496219376422208702E-02    3.39663422977482627393E-03    3.76089535778519223896E-01
    6.19162587905020922290E-04    5.50169894748033308507E-03    1.41596382816331581994E-03    2.70390942770289854913E-01
   -1.26593418322626710459E-05   -1.91474010279149152620E-03   -7.34554633068640994804E-05   -3.99592899036819992897E-03
   -7.10928690685253992718E-06   -1.75741736026335348790E-05   -7.35723925564173587138E-03    1.19143944373223536494E-04
    5.49209612969851383247E-05   -3.02626859245512091351E-03    1.45519925815848342500E-04    1.55215037566563823779E-02
   -9.56356755701156724587E-06    6.14344178530234086982E-03   -6.35350756940901634836E-05    4.10363776666505374741E-04
   -1.14953429811021519945E-05    2.24776983386972781806E-04    1.89245504497785911602E-02   -1.59449475575385507054E-04
   -1.41848148819287277905E-05    1.75043563078189162718E-01   -2.06134313597325979917E-01    6.97592167401117901893E-02
   -2.58784153693794095365E-04    2.05558749668292434221E-02   -5.61020432018480424974E-02    2.69810267563306421801E-02
   -1.30271791151485117699E-04   -8.93421518504812495198E-03    1.14617649416619178659E-02   -4.38601353148846805768E-03
   -3.93237717895129630218E-04   -2.47214323492901816293E-02    1.14805515572668943858E-02   -1.02350724029475394911E-02
   -2.53120056931485258242E-04   -9.16590721294812359188E-03    1.27066236555745289138E-02    9.04290322847342564749E-03
    1.65597895459428483809E-05    1.80087287780401839044E-01    2.04904083915715878872E-01    6.85309738558975561906E-02
   -2.59013950005460144230E-04    2.08643864712313824306E-02    5.49089988837507952946E-02    2.58664688329726631666E-02
   -1.39166079808481304731E-04   -9.08967410856893927307E-03   -1.14290626429893685950E-02   -4.26891232230208143156E-03
    4.05892266902368027779E-04    2.49107092970138575827E-02    1.10364650310742842820E-02    1.03185331842450510320E-02
   -2.66630956460545056209E-04   -9.78629909556907526258E-03   -1.27722637775111568653E-02    9.10238929091685203265E-03
    3.86869569234002189106E-02    1.22453736089252001283E-03    2.41478798134044068957E-02    2.66068523694922920778E-03
   -8.41560325569090661446E-02   -2.30084568080449755959E-03   -1.04165352315078063583E-01    7.94780639590990552190E-03
   -9.70293193865641279139E-01   -3.60557091465045082002E-02   -1.00199004862600582477E+00   -1.09603669545764222798E-02
   -7.75881226386235939296E-03   -1.27724836309168099553E-03   -3.79154105736298319140E-01    1.08407184705330427062E-03
    1.42555250876761657741E-01    3.12981191331750379508E-03   -1.40105803672414519490E+00    6.40579356338035182244E-03
    7.79956213614971596848E-03   -2.00334192233515312465E-01    6.23331512241986213096E-04   -9.40098338832349444960E-02
    1.87815089306693806803E-02   -5.74815426192553879936E-01    4.41153784741303827549E-03   -2.54063213297132717283E-01
    1.12480102095786016481E-01    4.31473778108150407551E-03   -3.34250987772216137661E-02   -2.03241373955785316688E-03
    2.69440546555942517237E-01    1.23835647101960752425E-02    5.21676805313253388885E-02    4.80250162591878710511E-03
   -1.42222832562228585288E-03   -6.81841928372740044891E-05   -5.39998151032670611893E-04    5.84051256612202877340E-04
    2.94418159436422844071E-04    1.54662882882411131802E-03   -3.94997570671951059567E-04   -1.11263978591183226863E-01
   -5.81413867227811940325E-03   -3.29580012891026840737E-04    4.83190285686516205615E-03   -7.72007521374810413983E-04
    8.77814247606357664355E-03    3.48844613564496691151E-04    7.65908362917386634217E-03    3.92459526989296660603E-04
   -2.74054129411334271380E-04    2.19262093659404640189E-02   -1.01987882260378575662E-04   -7.61855739532763809319E-02
   -4.48845439133874063442E-02    3.41943851622572361770E-02    5.00649115498502800259E-02    6.04283731112201794033E-01
   -8.13946248200280608742E-01    9.72376433019721764239E-01    2.98646707289001334118E-01   -3.91528882710197145833E-01
   -3.37863104872222850400E-03   -7.98434678218449059295E-03   -1.28813844813564816472E-02    8.43893977063449318710E-02
    2.29607551672132599585E-02   -1.52446154311250033075E-02    1.01588369344832781666E-02    4.39091448744341472654E-02
    1.01657486516864310061E-02   -1.27039042132174248567E-02    2.77901742472400591077E-03    5.42208107540488523646E-02
   -4.06262402935511079960E-02   -3.51413133877300568053E-02    4.73915792988362089000E-02   -5.79770190360400672347E-01
   -7.64124628878294021028E-01   -1.02751279350136104362E+00    3.10091417986771755722E-01    3.58883825605229300759E-01
   -3.49444859053720576630E-03    7.95064120446359844097E-03   -1.31356998829072323803E-02   -8.28971702850057751144E-02
   -2.22711001375416918491E-02   -1.72161681919002947094E-02   -9.79779916489833743731E-03    3.96126112656928416889E-02
    1.01587079144502875211E-02    1.38488898517830291701E-02    2.52168639033890093840E-03   -5.46384909332003829152E-02
    1.06043998638425548964E-01    4.26666638570294756705E-03    9.03575865609249962752E-04    1.09631943132278645431E-02
    3.65701415238506022387E-01   -6.84669168024232555059E-02    3.40006212212255569394E-03    1.72107652805619966430E-02
   -4.86339520033541805599E-01   -8.32884918759710046743E-01   -1.37366947747425780652E-02   -5.38914485184786795635E-01
    1.10388847901779107996E-01    3.60582782981347493845E-01   -2.33522423326126826737E-03    5.77148451602146561612E-01
   -2.03950882523555254711E-01   -8.44568104808473885114E-01    1.02786869302336440063E-02   -1.88197947147310751248E+00
   -3.59160193001454653219E-03   -2.18748478918550552999E-03    6.02067256375562909199E-01    6.69435972659074025187E-03
    1.50916668579965176922E-02   -1.31540224658577742552E-03   -1.09151991326213426703E+00   -5.55949262656926703613E-03
   -1.47758284198120287689E-01   -5.80658765598535242525E-01   -3.07276101206719687645E-03    3.22013068141551617174E-01
    6.32065871531676121142E-02    6.60528052733672210728E-01    9.84230734476233132257E-03   -4.17829607753478493581E-01
    2.24395254079064743191E-02    1.06577649167049325757E-02   -2.23460002428264422540E-05    1.10552306135768951129E-02
    2.37067284608388729669E-03    4.79630056775349274296E-04    6.13581856148209259239E-02   -2.58966129790709389657E-04
   -8.46420433195815696825E-02   -1.47977695334575425762E-02   -2.09927902224969461023E-03    3.42088190447828385810E-02
    1.59318979775069057003E-02   -3.73031854856242933716E-02    5.79946158963124259837E-04   -5.56720580197904296726E-02
    3.43454166650308074724E-03    1.86569264797716260736E-04    7.60727052540175335826E-02   -8.38560023442841873283E-04
    5.35001088612889308394E-01   -1.88884527885102931899E-01    1.03093546007658090624E-01    1.24657266904315180978E-01
   -4.48367410940826160992E-01    7.23970770661748058705E-02    6.77454848639630458074E-01    5.51510083694808583843E-01
    6.90892065704560992545E-02    4.77859217920261133972E-02   -5.81367393185712780755E-04    3.18787452366825208028E-02
    1.59251865320606117438E-01   -1.10232437290431299626E-02   -1.74957288529987570191E-01   -1.43260671416486740082E-01
    1.91199545854265941236E-02    8.21999342232884906700E-03   -1.38333600457466399103E-01   -7.76971827923459007481E-02
    5.57425222856083535383E-01   -1.93239105081574796818E-01   -1.03022836074645074422E-01    1.23729004436096329256E-01
   -4.48570895554938731120E-01    6.51544262393852074977E-02   -6.97526323060899677841E-01    5.52658927916815589931E-01
    7.47679550238894152780E-02    4.97741159078736034038E-02    3.33972476054795238548E-03    3.30423189593784874529E-02
   -1.61345780675596739417E-01    9.27478826779130904878E-03   -1.77311213352839058821E-01    1.42185323146981207332E-01
    2.35882441280405481809E-02    5.73295291987490403945E-03    1.44424769085823939685E-01   -7.85585929192786081021E-02
    6.49441300450782771359E-02    1.56735322002129898525E-03    4.29605470937244993124E-01    1.80510495919785599224E-03
    1.30636702067897125801E-01    3.57425280246612001381E-03    9.15847441234838854918E-01    4.25028041584546347614E-03
   -5.09681617564574751533E-01   -7.55967647484950908826E-03   -2.37187285090553423572E+00   -6.60345129345714810382E-03
   -1.08316074503408188434E-01   -5.83298557287879361477E-04    1.81656921016121492007E-01    2.20457044017070662167E-03
   -3.38297561604342267305E-01    5.24925561106630821084E-03   -5.82874296434137351142E-01   -7.56069915008013467006E-03
   -1.83170229482543548902E-03    1.24197029545725465272E-01   -3.20751372816155747025E-03   -8.84988066324112893080E-02
    2.77602956965882191175E-04   -3.60099862894517841472E-01    2.76301785502152189022E-03    5.48499196234145780515E-01
    1.17177226709735075177E-02    3.52784715055766417979E-03    2.56649730922425857449E-02    1.57591958765976964882E-03
   -8.29872241643780372833E-02    2.23286942922937313785E-03    1.18477195550560271409E-01   -4.08886767402921475628E-03
   -1.53749778952556297867E-02    1.11520700376155782797E-04   -3.61057089355821814181E-02   -2.97468513417533427911E-04
    2.46329367102856298163E-04    2.23011841258247162090E-01    1.00907167940990989859E-04   -1.51489236301856973650E-03
   -2.30706826791279767663E-01    1.11705658720566512049E-03    1.85082565670999371621E-01    2.59641280933664737873E-03
   -3.21601857057355541847E-02    1.43882950292626441216E-03   -1.36049018376681717796E-02   -2.07457478754660104873E-04
   -1.87361513167205772160E-03   -1.31977177546869328673E-01   -8.93971527755991709520E-04    8.62651855981541176854E-02
    5.19038811535541683151E-02    1.09134051145328425658E-01   -2.53369173510825884676E-01   -1.90353142508565470470E-01
   -5.22393720775245484766E-02    1.72739402897524291225E-01   -1.57983387321097151768E-01   -1.30147437386820552518E-01
    2.13246856082794672416E-01   -2.54331583480901290972E-01   -1.18133480016512415478E-01    3.40292774998584512947E-01
   -2.14307814635589871655E-01   -6.79969651748856679374E-02    8.32456586336951520622E-02   -3.54738164320504090199E-01
    2.66257559205967719862E-01    2.85241823489478463216E-01    2.37972068873015085710E-01    2.90285774940362784058E-01
    5.12443484487561731755E-02   -1.14546795993753794396E-01   -2.55150026312943478679E-01    1.92721649352964208290E-01
   -5.21422069190083520285E-02   -1.76848235411425025454E-01   -1.59248372384495462395E-01    1.33355662382222350804E-01
    2.16968190901219354361E-01    2.47962760613013727395E-01   -1.20127193663598877404E-01   -3.38705040694681380753E-01
    2.16416088114385285479E-01   -7.73567429882683760267E-02   -7.70753503230599962270E-02   -3.56566447391861274241E-01
    2.57392611254782466279E-01   -2.84672133267108329324E-01    2.43293873822108958072E-01   -2.86535409958475206782E-01
    3.62853606536055972587E-01    6.27710894445899086902E-02    5.47205240853568475323E-01    2.96887862790202461394E-02
    6.56964019824796019442E-01    1.29620422613618890839E-01    1.14385624427795073998E+00    5.73160275206353042599E-02
   -3.05388650614536016903E+00   -3.24958557805755221537E-01   -2.27179860084157425604E+00   -1.47160751724124266859E-01
   -8.57961262828642462486E-02   -1.75689528416049303705E-02   -1.23266438388413529514E-01   -6.60908733884864145469E-03
   -1.70934993470851903652E+00   -1.37766130529626829038E-01   -6.91163924821703190560E-01   -4.77385692257379506964E-02
    5.99560238959315639634E-03   -2.86795347738724060171E-01    1.08933522926878949971E-02    4.41561355311312020433E-01
   -5.64464271410778801997E-05    7.95186743851984539910E-02   -1.15864990529592412627E-02    1.11122231800736562257E-01
    5.97390198844052131011E-02   -7.59208254255406677496E-03   -1.33162193265053047098E-01   -4.24978036424059936460E-03
    5.05118976872093727870E-01    5.72608502751534992337E-02    4.36454173551494184480E-01    2.81452107524053050935E-02
   -1.62913292324844902192E-02    3.95022037967674485154E-03    5.23627281200361033298E-02    1.57742117077845200174E-03
    2.15895808175808820439E-02   -4.54344219164274309986E-01    5.81279661655985102620E-02   -3.98525700698893980967E-01
    2.53449972231764686370E-01   -1.37983935625955369403E-02   -3.16761662675423827373E-01   -1.02412108294333611264E-02
   -5.77693521570114224689E-03    7.09534876262270453517E-05    1.28987688497234336688E-02   -2.15443832564813243097E-03
   -5.27244271609264483075E-03    3.71939890185464597239E-02   -1.21143432222998153475E-02    3.84767733415163681876E-01
   -2.87621927175226055340E-01   -1.14623441510688706124E-01   -3.53167986193426264308E-01   -1.69346997013745198535E-01
   -3.45614431111889441883E-02    1.42826472995350645112E-01    1.34045565488728358333E-02   -1.69727051111741050748E-01
    5.70784556402166298739E-01   -3.31267556730011181187E-01   -8.41078777541365424364E-02   -5.12382001566252867630E-02
    4.21189240250137292287E-02   -3.12943237371819227288E-01   -1.48824011547321582993E-01    3.18735965099064766370E-01
   -2.28155415948854578545E-01   -4.66763394925495608834E-02   -2.81558790061784969261E-01    3.84779798116894000692E-01
   -3.00572881111614065297E-01    2.80552875189794270749E-02   -3.80507769249605221074E-01    1.24309603832937626278E-01
   -2.75717807442637241611E-02   -1.36109019014549414983E-01    2.28869456413887638335E-02    1.63886871698090103022E-01
    5.47288856524232647516E-01    3.54670593556486113407E-01   -1.54505621310966595461E-01    5.85326455459933489567E-02
   -2.42409635437598851293E-02   -2.79228032356322486418E-01    1.81263627821266010143E-01    3.12953288547838215372E-01
   -2.22352473233440289802E-01   -2.02640263474629933604E-02   -2.58838897045504501282E-01   -4.12921179156810369548E-01
    7.99732333440900527988E-02    1.59839672890112083348E-01    1.38294713604861507772E-01    1.16860239853915585245E-02
    3.48433400775410087591E-02    1.70774933293187491934E-01    2.73680822954105618106E-01    2.42168625878059970424E-02
   -1.85668483360174341179E+00   -2.52082925935876023260E+00   -6.97398563261021203763E-02    3.01027765445629133523E-02
    1.06661026883403439736E-01    1.36040857564891839310E-02   -4.49152451512214057061E-01   -1.80033030880375928551E-02
   -1.11152095846697190895E-01   -8.31756660341171905060E-01   -1.07787823169962360126E+00   -2.89016354523365243123E-02
   -5.53319876129040877366E-03   -5.67130837679115460542E-03   -9.09548366396894028552E-03    5.46415943991077734943E-01
    1.14549094564276622565E-02    4.65746706176134103727E-03   -2.50603834188699997609E-02    9.48955594704116056626E-01
    2.94540385417312755578E-01    2.34215695628233661063E-01   -1.95243639342976726958E-01   -1.93477222539702349569E-02
    5.25051306171869347494E-01    2.69353583689690034841E-01   -2.68361195353079007297E-01   -2.20678195794757892045E-02
   -3.42094690739770182497E-02    2.46827654622345293856E-01    5.13500691986241222797E-02    3.87371953839685430332E-03
   -3.38503877714073624777E-03    7.62625230368248088579E-04    2.33506384234524154431E-02   -5.75148186987438192475E-01
   -4.69874437803647460044E-01    6.36676990909915280215E-02    3.81932834470674109628E-01    1.67236943134533057320E-02
   -2.06605632013761253418E-01   -9.53518688581714117525E-03   -5.11084880070624580917E-01   -1.30533489880694901497E-02
   -9.64624261304107902260E-03    2.69817558513269937712E-03    2.16149194866704849605E-02   -9.27144516931233453327E-01
   -5.76944431524619716356E-01   -5.53558147584871207414E-01    6.52379186343778894042E-01   -9.31812199615213998527E-01
   -2.28454288140124306405E-01   -1.11203681695994940903E-01    2.65476470624949667521E-01   -3.32606712275339111429E-01
    3.98096051998758221346E-02    1.95079888079712604476E-01   -2.59285505160591678298E-01    3.74812952346299799178E-01
    5.93503953663219285808E-01    2.02435321552587005334E-01   -3.98263066583788905017E-01    5.11015598638121626429E-01
   -6.65375920568082451778E-02    3.85868678441551871128E-01   -2.25100335214707791831E-01    2.82220210054773879005E-01
   -5.79540129343106946713E-01   -5.59307601054509939686E-01    6.12056634631739093777E-01    1.01022134642068150967E+00
   -2.28000402727534828839E-01   -1.11829974092920295115E-01    2.49005547572412194723E-01    3.53911610901573359111E-01
    3.12095139965352583178E-02    1.91546634125956571904E-01   -2.39900386032289969496E-01   -3.94829954524473059063E-01
   -6.05082441239042534420E-01   -1.96031474624788593086E-01    3.67222278452667805215E-01    5.43792739805450842105E-01
   -5.91464920595632659417E-02    3.96384935506688518281E-01   -2.15863936256320970708E-01   -3.08757581420387339222E-01
    7.08106171037919285283E-01    9.82924828320113491698E-03    1.63437860488147338432E-03   -5.46446547022687854119E-05
    1.70162108034355727751E-03   -3.01666652098369625357E-01    1.01076393399475942397E-02    2.23176170543712540156E-04
   -2.67078022701484852838E-03   -2.21333349226925768516E-01    3.53621460139355858754E-02    1.72895102781040485920E-03
    4.07332945153413103923E-04   -8.49635103538568248194E-02    3.88378417971549705356E-01   -1.00438446372421025243E-02
   -2.92895299058437350026E-04   -3.99292483845793133579E-02    2.00762501572742807499E-01   -5.87202041856144368176E-03
    3.82190076065808022061E-06   -4.17310088844909132279E-04   -8.96592417949867298566E-03   -3.24827231321567988509E-01
    1.04476166427000216440E-05    3.78898132067274342680E-04   -3.55239155482923703658E-03   -1.56936925007878841365E-01
   -1.33429107140190373985E-03    4.24077133207041642726E-02    6.02789229297139780850E-02    2.26769236223515070067E-03
    7.29287285292728581360E-04   -7.67841475569118209893E-03    2.33992653211908610555E-02    8.15695942582834879545E-04
    3.56172059443360354016E-05    2.70817572805267950745E-03   -3.56075443884908745401E-03    1.37737352295687789618E-05
   -5.50931612050158236852E-06    1.60651027468907618527E-04    3.67250564242020032316E-04    1.85852921452618093101E-02
    1.95221423781064148083E-04    4.50481298373462887841E-03   -2.03478472844799418429E-02    3.35043387194301778027E-04
   -1.85097592755118731675E-04   -7.55109277709193130179E-03    1.26980391567183010376E-02   -3.29738015523949956967E-04
   -1.04524988732949562689E-05    8.05866698378759118695E-05    6.44571393206740095826E-04    2.02942092779807951863E-02
   -1.42226245270723100677E-04   -1.12095426135100914578E-01   -1.54707763427265138079E-01    2.57062007222092492320E-01
    4.91186059429827063215E-04   -4.07922566922143924051E-03   -5.20393675309275341445E-02    1.05244398916258419252E-01
    1.07993061639935446000E-04    8.35586794087936172992E-03   -3.02242778492930845580E-03   -1.19059502001455166931E-02
    3.79661856706998144303E-04    1.87437805303601462414E-02    1.69453788156106177620E-02   -1.06457676288253082209E-02
    2.71930235511316212207E-04    6.92750439799492273574E-03    5.19753788792260904006E-03   -1.33252798244212471851E-02
   -1.71700427952626948330E-04   -1.14840426884269083962E-01   -1.68435984211254441423E-01   -2.49508522139854471700E-01
    5.03488373226075439960E-04   -3.89952640190790230518E-03   -5.62395874439673149059E-02   -1.00712311920075250904E-01
    1.13207959798737356786E-04    8.43907426624942134941E-03   -2.65941276385702179280E-03    1.20308010458550548177E-02
   -3.89259228836178719675E-04   -1.88048553366059259528E-02   -1.73282816983696304203E-02   -9.43957435816977601106E-03
    2.83854729008458739423E-04    7.31733554332274042931E-03    6.12386112368342502149E-03    1.31077220319005746663E-02
    1.83690217737004211386E-03    4.39438695575707707897E-02   -4.35485005761566729057E-04    6.93908956949720323593E-02
   -8.00686213328738738415E-02   -4.90485955400120424152E-02    1.70550716912380614628E-04    2.14866555256169572408E-01
   -2.17860306419263710653E-01   -9.41542295763481362769E-01    1.48172202115915419007E-02   -8.99135472348164405121E-02
    1.18755315761262636443E-01    1.07429430879361395568E-01    8.57098954943890014712E-06    1.36033237246233451589E-01
    9.57662366699670447590E-02    2.48787177918759427886E-01   -2.86368420911807856043E-04   -3.78268718914955281996E-01
   -3.34626936288281171331E-03    3.21326226380031637619E-03    2.17459427734763066642E-01   -2.01907054220084314355E-02
   -3.08911607121838040907E-03    6.83411500315566668162E-03    7.07517116589832850693E-01   -1.93940754117721721184E-02
   -4.12386079885999068395E-01    9.22544203913528287897E-02   -1.01914447537569652878E-03   -2.44491192411321611733E-01
   -3.82927348785997267999E-01    2.53705697143760178225E-01   -5.15965034621805422599E-03   -1.09990714870746800896E-02
    2.11706465178173371816E-03    5.39896997448357954079E-04   -8.83644212820209289235E-06    7.45135972542484113779E-03
    9.23984575282936314170E-05   -4.15293779170346905039E-05   -9.84249122514141254470E-03   -4.03030279496736920652E-03
    7.63191921310414026630E-03   -1.26116310782591195538E-02    1.42559680651124060739E-04   -2.96414755357540804503E-02
    1.78313072655609454291E-03    2.42697077987177748173E-03   -1.13905918531758874011E-04    6.14700881167240392733E-02
    3.76048298082681817039E-05    1.34627682073293716185E-04   -1.66211563855592908689E-02   -7.43177148714610491531E-03
    9.19849982930836668205E-02    2.86748155269825645564E-02    2.43447970466707276638E-02   -5.65731072072335305911E-01
    2.32262095458391527869E-02    6.60093325132583674808E-01    1.15960359919510058724E+00    3.55283585031672122234E-01
   -5.40567344361764668542E-03   -9.53048009136367620109E-03   -1.29896011564375017666E-02    1.30164527103174051254E-02
   -9.20518752915081527044E-03   -1.21919870756467384892E-02   -1.58387225751676491425E-02   -1.56070206421688562060E-01
    1.36250059631052005543E-02   -6.83506195763326513531E-03   -6.08323505432549309357E-03   -2.65562196848041255637E-03
    9.07628143220540473113E-02    2.87080530632834035609E-02   -2.35937943519669117431E-02   -4.74586859153297735414E-01
    2.05741504652013768029E-02    6.54705776684370799323E-01   -1.17440042251294984865E+00    2.54746250015184083626E-01
   -5.36742839267586712565E-03   -9.39080413467350584578E-03    1.32187131984796008011E-02    1.38630650495771331338E-02
    9.32187282000796098302E-03    1.21832176871752087544E-02   -1.64803778474609946558E-02    1.49132939327613928127E-01
    1.37342234212173876229E-02   -7.20178792715720460238E-03    6.54763025751191243135E-03    1.10406326098880340492E-02
    3.85336512329691139797E-03    3.39427497569012425610E-03    1.11029780493560330419E-03    6.68219297983795174067E-02
    1.27678458972138968164E-02   -3.78045831111919550596E-03    3.14759089381164104335E-03    2.18143459260763922236E-01
    2.12435376177724094537E-02    5.75842877582758205790E-01    7.87548570058761721047E-03   -2.84321658428937695806E-01
    2.94477877632597709323E-02    4.60476085595560191699E-01   -8.99614770272283599539E-03   -3.28779112643507231972E-01
   -5.39357825690184936041E-02   -6.56548272019384926423E-01    9.63576782527922684474E-03    3.14216679693907818827E-01
    1.82036673476129007287E-01   -1.93838180441290724998E-03   -5.33568601458373592550E-01    1.93332408867269434083E-02
    5.44235107533353468234E-01   -3.23732632924513541450E-02    1.47784949162045831095E+00   -4.58046039391651338413E-02
   -7.17768701676397592737E-03    3.29955451591339321560E-01    1.99929137449660829229E-02    5.20265953498086575202E-01
   -2.91178507254433588392E-02   -6.49567771416420525199E-01   -3.77207500888947638851E-02   -8.36126959047576834294E-01
   -4.91689628464229457061E-04   -1.79002992235414506994E-02    4.05956738264803362968E-04    2.16016245829988955129E-02
    4.71682589705837221339E-02   -1.96349653378503083770E-03   -5.73479046136128323141E-02    2.19932410005107062401E-03
   -1.92299558867345898004E-03    1.31797367165258638710E-02    1.07699400086971484522E-03    9.32522441644211691480E-03
    4.75237490685095822357E-03    1.47052353371752188294E-02   -1.22998486911351980616E-03    1.69467686316477413478E-04
    1.31365624974476763454E-01   -6.92197369716233360665E-03   -3.52705419650660156883E-02    2.46014687251753941602E-03
    6.18411533074770702889E-01   -5.92584169268423055499E-02    1.55681927254837149111E-01   -2.58369514150865953184E-01
   -5.49965887859239388469E-01   -2.08947782139177445915E-01    6.38858039008869615927E-01    1.28201385031690900940E-01
   -2.08488513570886675047E-03    1.32192743131445411553E-01   -1.92454041817971183148E-01    3.39830821824976050949E-02
    3.72239993806162058898E-02    1.24794279169667163276E-01   -1.39631807623017245579E-01   -8.00037215264657042280E-02
    1.18473397800575169780E-01    3.05085541851642001732E-02   -4.02769324770043193884E-02    5.09423024828555906507E-02
   -6.90984501974578058103E-01   -8.55395861113734945480E-03   -1.65091668496989196768E-01   -2.50769899644358418289E-01
    5.68762642663507622665E-01   -2.46564634150764072640E-01   -6.44667608657804036554E-01    1.64665239281537228999E-01
    1.30258770441831744219E-02    1.26896088620491398480E-01    1.95042919847201567940E-01    2.49143574038096470014E-02
    5.13003977154715337661E-02   -1.28258540818079136425E-01   -1.40051870940580608371E-01    8.93472195441654126746E-02
   -1.16286237065204287044E-01    4.16548156826571161493E-02    4.55259022999090837147E-02    4.32174429014811484207E-02
    4.05971876112234009160E-01    1.00031146233646060437E-03    4.07009909251889456794E-01    1.32812887076365370755E-03
    9.15240018671087729452E-01    2.06073083460573108078E-03    8.46983265297308163255E-01    2.86902286669170640196E-03
   -1.52368148416332815920E+00   -3.45585449636695270573E-03   -1.61999201038264328822E+00   -4.72285536589552544517E-03
   -1.06963559488387240093E-02   -4.70396670333564619754E-03    5.56597745633956517142E-02    3.44888495754673129329E-03
    2.40805315087626176096E-01    5.18050435242717408763E-03    5.37911911109692941757E-01   -8.91772030115824815288E-03
   -2.28423011255197245736E-03   -1.74213478121880954719E-01   -7.14664472452767197269E-03    6.50714974219934998850E-03
   -1.65355369806341229340E-03    5.97123342313299665385E-01    5.88896107031639578361E-03   -9.67568796439700506973E-01
    1.70531024918938317603E-02    1.44443667207126875962E-03   -1.22296700935361615792E-01   -1.72534872481439321285E-03
    8.76780603897984209087E-04   -2.68176580532653767788E-03    1.10711015431867876302E+00    8.42649966987548369735E-03
   -4.86435426728782857597E-02    1.83693697968414202965E-04    4.98874265295530527897E-02   -4.43186055873607208898E-04
    4.61083888817224725291E-04    8.15889478982732702095E-02   -3.02995260311830686523E-05   -4.24250665142798868978E-02
   -5.45320787649516136586E-02    5.43432454199007340667E-04    8.62115435747191211080E-02   -1.61073405226291009595E-03
    2.06943578666823682632E-02    3.20507795588554603335E-04    5.15878730945736260760E-02   -4.21330981971031431725E-04
   -8.23180813418392825533E-04   -6.32617075165069764342E-02    1.48278882488946063198E-03   -4.63244965127413213524E-02
    1.36661794598401414857E-01    1.75058149745985519585E-01    6.49428162511762607778E-01   -3.26427585539744546939E-01
    3.51587745146230312709E-01    1.33498564295406380031E-01    2.01201272115130141982E-01   -1.26818036668600420125E-01
   -2.21387837562099648592E-02    4.04541322290852101151E-01    1.70713467121083484201E-01    6.59818806210717007099E-02
    1.53816986059992204944E-02   -2.03988799487907795926E-01   -1.83598346613186108600E-01   -2.71181821226561536875E-01
   -2.82049753930498359189E-01   -1.25868710653574106262E-01    2.28473681091850899794E-01    5.01737719645337421071E-01
    1.37229809185387907622E-01   -1.73860939702560252096E-01    6.53473459915368315443E-01    3.27946977015735940952E-01
    3.63290134465036496092E-01   -1.32047532673977396911E-01    2.12594627026540389236E-01    1.28961329395543278231E-01
   -2.07450742518403147274E-02   -4.02875524363735193489E-01    1.71370468365064504424E-01   -7.75010397773078923978E-02
   -1.77027606249532017124E-02   -1.97505992923333123512E-01    1.90119250304021852882E-01   -2.80150052867344567797E-01
   -2.82976023923362407508E-01    1.26201071003031350948E-01    2.21913553860444617838E-01   -4.90767889756216046937E-01
    2.16743537070514608045E-01    8.95574814298867767637E-03    3.14283146568464103257E-03    5.73079324784996763098E-02
    4.95031344045334498194E-01    1.35183929501608308260E-02    2.99408980265753084382E-02    1.79116650420972689517E-01
   -1.62746583829072116734E-01   -7.81506663427530834376E-02    5.11910418942555844879E-01    2.73524237992870344893E-01
    1.68132392212265002751E-01    5.05765089495083391968E-02   -4.73492164250139735415E-01    1.55646022344432005680E-01
   -6.12671875058102832767E-01   -1.15495763266648936857E-02    1.45051980400387220405E-01   -2.64488503803307961615E-01
   -4.19341871641344243055E-03    5.37711852660956779459E-01    5.42758364683184058030E-02   -3.03094441719087065099E-03
    1.81931573834245331744E-02   -3.94949385578214684500E-01   -5.25891124981923280268E-02   -1.63573809267114171628E-02
    3.33853820718211999341E-02    1.90021381993097406016E-02   -2.28276855070668083236E-01   -7.10988237085865698583E-02
    1.25399092194867257943E-02    4.09233985723736273799E-02   -2.35368775587052603271E-01   -5.82672291003314413160E-01
    4.34307558523934576084E-03   -9.76981406477347037037E-04    1.20503890000655030507E-02    1.93997327242309447470E-01
   -1.07251966364234059374E-03    9.41660084472847047632E-02    9.08990741046652485358E-03   -1.63242814976088273550E-03
   -1.91566461379822999822E-01    1.36418467883248732686E-02   -1.50401805275533512196E-01    6.22167622902003968066E-03
   -4.82857209446149564236E-03   -1.75540448773906718194E-02    1.94564980531473419312E-01   -7.97500850300432717610E-02
   -7.56794075854722654746E-04    2.75754623816555355376E-01    3.53807855896471623591E-02    1.11448834759804195349E-02
   -2.34804080991066962958E-02   -1.10096170150216443595E-01   -1.81803122821302620693E-01   -2.41328782817658293869E-01
    2.49561752099175700181E-03    2.35065490656841180606E-01   -1.20915912093123925630E-01   -4.51157918837400279122E-02
   -4.38500212943690070855E-01   -1.94388498997491027120E-01    1.22432603971831907574E-01    7.73954824882830128008E-02
    1.44863534479735961424E-01   -4.57438775387918217241E-01    3.88927912657395624674E-01    2.53593952820064416631E-01
    2.61017459055906730914E-01   -2.26956822356418647102E-01    4.28570797214345156068E-02   -3.11404616722154747865E-01
   -3.56431473995516417963E-02    1.61061187570681163539E-01   -1.50365296731929054541E-01   -2.32488181876890021016E-01
    7.82121877419829922631E-04   -1.98772692329877792572E-01   -1.60424799617046032196E-01   -3.97714239524371918066E-02
   -4.43155681783187260780E-01    1.59846882202505979897E-01    1.53068673130285548556E-01    7.12949866967601680878E-02
   -1.30567572361718869933E-01   -3.64219394557762865539E-01   -4.73974885922223199142E-01   -2.57702579734209846762E-01
    2.73757974625858768736E-01    2.24289203426026428900E-01    8.87685120596354293454E-02   -3.17698652295572370186E-01
    3.78249235848656384373E-02    8.55763281266944120240E-02    8.54793825523637307295E-02    1.10140740925998015243E-02
    1.19444189517989046712E-01    2.61115126642774975085E-01    2.81211015544072240324E-01    2.66398067086182598062E-02
    2.82316376905075605563E-01    5.96647802832815710161E-01    1.08154883166789428373E+00    5.77238570836693457022E-02
   -7.72373426360696557769E-02   -1.63083526071671786051E-01   -1.36497164114271207769E-01   -1.26696463673025352947E-02
   -1.21743184231255254478E-03    7.13223164912992185077E-03   -5.65801271122675308867E-01   -2.46870659601318362397E-02
   -2.73946047062591124810E-01    1.38724704610843435626E-01   -1.12439597905194272470E-02    4.89644395886007943730E-01
   -7.46433667707118941870E-01    3.54885713232884258961E-01   -2.49798069945839397443E-02    6.96692840172430494228E-01
   -1.20988898868461799974E-01   -2.65505942444504872135E-01   -2.49313282775341038544E-01   -2.06536068635356818979E-02
   -7.50677500944350872825E-02   -1.83126446671528442245E-01   -2.92770134408360360734E-01   -2.22425173530700036328E-02
   -3.32893189086165622315E-02   -5.83396461525043860674E-02   -5.58707430451384837178E-02   -1.02972284392848336190E-03
   -3.66996860086634346665E-01    1.86064337617508873679E-01    4.21757826115011572043E-02   -9.43939053207104361576E-01
   -1.23574168227793490527E-01   -2.72287718541531498229E-01    8.45888101141131221183E-01    3.76580054224241386751E-02
   -1.48138322365967828320E-01   -2.99888964446180128487E-01   -7.95968639333207994557E-02   -4.81823950387551703384E-03
    6.91456571316155677032E-01   -3.36633403796148866771E-01    1.21137194650523857126E-02   -5.02270792350493877620E-01
   -6.48032722628671065124E-01   -2.07866733431711997460E-01   -7.03806051140927091403E-01    7.40569094106223402285E-01
   -2.40484075076193543063E-01   -3.86935515396066940369E-03   -1.75398162694041376275E-01    1.75712119240145403509E-01
    5.24777708245384610919E-01    2.51687599269408202041E-01   -3.58196410599608619507E-02   -9.12245710237212514837E-02
    2.93694062890562490598E-01    7.79696790140275708403E-02    5.47797731191158931985E-01   -4.76715390022205698362E-01
    1.78188550957960017973E-01    2.75695560303749254150E-01    2.31691264621844361660E-01   -3.44169647085062813119E-01
    2.49902481692453687367E-01   -6.44649909761705997013E-01   -6.63391110167758757399E-01   -8.26985053538189740507E-01
    1.47537691633940981628E-01   -1.90981283151476666227E-01   -1.64681759066475363884E-01   -1.92190962603938059194E-01
   -1.33831472355622482784E-01    5.76234555409291360206E-01   -4.26908562552765977194E-02    9.26303657118274503812E-02
    1.27619705325419940944E-01   -2.73867154229316123182E-01   -5.14505967657198026721E-01   -5.23817646370832279423E-01
    1.12309072480847441100E-01    3.14007039911125718223E-01    2.14429493625908434984E-01    3.77337067864165209841E-01
    7.08124004897939585135E-01    4.01481452073475155590E-03   -3.67506651558219279998E-06    2.07288408141587804367E-03
    1.66448629516211584617E-03   -2.80042924342326748910E-01    2.21969789400261983958E-03    1.16906949245620964128E-01
   -4.45641550021199251558E-03   -2.22548182782091596987E-01    4.69316150057410685220E-03    1.83654633139829992494E-01
    2.73544115563165179429E-04    1.13512555637814788190E-01   -1.27379107834509801636E-03   -1.54686786525326507719E-02
   -1.35210989662919709754E-03    4.61432915518965452994E-02   -7.77483987739617022662E-04   -4.75657062084621426457E-02
    5.02035785759407857370E-06   -2.29780981308821009163E-03   -3.20688951255602650026E-01    3.46735845978636287451E-03
    1.39551731946564850333E-05   -2.71399535376972377270E-04   -1.55627089782062744128E-01    2.59056164095180976176E-03
   -1.26729639394710063942E-03    6.76496219376422208702E-02    3.39663422977482627393E-03    3.76089535778519223896E-01
    6.19162587905020922290E-04    5.50169894748033308507E-03    1.41596382816331581994E-03    2.70390942770289854913E-01
   -1.26593418322626710459E-05   -1.91474010279149152620E-03   -7.34554633068640994804E-05   -3.99592899036819992897E-03
   -7.10928690685253992718E-06   -1.75741736026335348790E-05   -7.35723925564173587138E-03    1.19143944373223536494E-04
    5.49209612969851383247E-05   -3.02626859245512091351E-03    1.45519925815848342500E-04    1.55215037566563823779E-02
   -9.56356755701156724587E-06    6.14344178530234086982E-03   -6.35350756940901634836E-05    4.10363776666505374741E-04
   -1.14953429811021519945E-05    2.24776983386972781806E-04    1.89245504497785911602E-02   -1.59449475575385507054E-04
   -1.41848148819287277905E-05    1.75043563078189162718E-01   -2.06134313597325979917E-01    6.97592167401117901893E-02
   -2.58784153693794095365E-04    2.05558749668292434221E-02   -5.61020432018480424974E-02    2.69810267563306421801E-02
   -1.30271791151485117699E-04   -8.93421518504812495198E-03    1.14617649416619178659E-02   -4.38601353148846805768E-03
   -3.93237717895129630218E-04   -2.47214323492901816293E-02    1.14805515572668943858E-02   -1.02350724029475394911E-02
   -2.53120056931485258242E-04   -9.16590721294812359188E-03    1.27066236555745289138E-02    9.04290322847342564749E-03
    1.65597895459428483809E-05    1.80087287780401839044E-01    2.04904083915715878872E-01    6.85309738558975561906E-02
   -2.59013950005460144230E-04    2.08643864712313824306E-02    5.49089988837507952946E-02    2.58664688329726631666E-02
   -1.39166079808481304731E-04   -9.08967410856893927307E-03   -1.14290626429893685950E-02   -4.26891232230208143156E-03
    4.05892266902368027779E-04    2.49107092970138575827E-02    1.10364650310742842820E-02    1.03185331842450510320E-02
   -2.66630956460545056209E-04   -9.78629909556907526258E-03   -1.27722637775111568653E-02    9.10238929091685203265E-03
    3.86869569234002189106E-02    1.22453736089252001283E-03    2.41478798134044068957E-02    2.66068523694922920778E-03
   -8.41560325569090661446E-02   -2.30084568080449755959E-03   -1.04165352315078063583E-01    7.94780639590990552190E-03
   -9.70293193865641279139E-01   -3.60557091465045082002E-02   -1.00199004862600582477E+00   -1.09603669545764222798E-02
   -7.75881226386235939296E-03   -1.27724836309168099553E-03   -3.79154105736298319140E-01    1.08407184705330427062E-03
    1.42555250876761657741E-01    3.12981191331750379508E-03   -1.40105803672414519490E+00    6.40579356338035182244E-03
    7.79956213614971596848E-03   -2.00334192233515312465E-01    6.23331512241986213096E-04   -9.40098338832349444960E-02
    1.87815089306693806803E-02   -5.74815426192553879936E-01    4.41153784741303827549E-03   -2.54063213297132717283E-01
    1.12480102095786016481E-01    4.31473778108150407551E-03   -3.34250987772216137661E-02   -2.03241373955785316688E-03
    2.69440546555942517237E-01    1.23835647101960752425E-02    5.21676805313253388885E-02    4.80250162591878710511E-03
   -1.42222832562228585288E-03   -6.81841928372740044891E-05   -5.39998151032670611893E-04    5.84051256612202877340E-04
    2.94418159436422844071E-04    1.54662882882411131802E-03   -3.94997570671951059567E-04   -1.11263978591183226863E-01
   -5.81413867227811940325E-03   -3.29580012891026840737E-04    4.83190285686516205615E-03   -7.72007521374810413983E-04
    8.77814247606357664355E-03    3.48844613564496691151E-04    7.65908362917386634217E-03    3.92459526989296660603E-04
   -2.74054129411334271380E-04    2.19262093659404640189E-02   -1.01987882260378575662E-04   -7.61855739532763809319E-02
   -4.48845439133874063442E-02    3.41943851622572361770E-02    5.00649115498502800259E-02    6.04283731112201794033E-01
   -8.13946248200280608742E-01    9.72376433019721764239E-01    2.98646707289001334118E-01   -3.91528882710197145833E-01
   -3.37863104872222850400E-03   -7.98434678218449059295E-03   -1.28813844813564816472E-02    8.43893977063449318710E-02
    2.29607551672132599585E-02   -1.52446154311250033075E-02    1.01588369344832781666E-02    4.39091448744341472654E-02
    1.01657486516864310061E-02   -1.27039042132174248567E-02    2.77901742472400591077E-03    5.42208107540488523646E-02
   -4.06262402935511079960E-02   -3.51413133877300568053E-02    4.73915792988362089000E-02   -5.79770190360400672347E-01
   -7.64124628878294021028E-01   -1.02751279350136104362E+00    3.10091417986771755722E-01    3.58883825605229300759E-01
   -3.49444859053720576630E-03    7.95064120446359844097E-03   -1.31356998829072323803E-02   -8.28971702850057751144E-02
   -2.22711001375416918491E-02   -1.72161681919002947094E-02   -9.79779916489833743731E-03    3.96126112656928416889E-02
    1.01587079144502875211E-02    1.38488898517830291701E-02    2.52168639033890093840E-03   -5.46384909332003829152E-02
    1.06043998638425548964E-01    4.26666638570294756705E-03    9.03575865609249962752E-04    1.09631943132278645431E-02
    3.65701415238506022387E-01   -6.84669168024232555059E-02    3.40006212212255569394E-03    1.72107652805619966430E-02
   -4.86339520033541805599E-01   -8.32884918759710046743E-01   -1.37366947747425780652E-02   -5.38914485184786795635E-01
    1.10388847901779107996E-01    3.60582782981347493845E-01   -2.33522423326126826737E-03    5.77148451602146561612E-01
   -2.03950882523555254711E-01   -8.44568104808473885114E-01    1.02786869302336440063E-02   -1.88197947147310751248E+00
   -3.59160193001454653219E-03   -2.18748478918550552999E-03    6.02067256375562909199E-01    6.69435972659074025187E-03
    1.50916668579965176922E-02   -1.31540224658577742552E-03   -1.09151991326213426703E+00   -5.55949262656926703613E-03
   -1.47758284198120287689E-01   -5.80658765598535242525E-01   -3.07276101206719687645E-03    3.22013068141551617174E-01
    6.32065871531676121142E-02    6.60528052733672210728E-01    9.84230734476233132257E-03   -4.17829607753478493581E-01
    2.24395254079064743191E-02    1.06577649167049325757E-02   -2.23460002428264422540E-05    1.10552306135768951129E-02
    2.37067284608388729669E-03    4.79630056775349274296E-04    6.13581856148209259239E-02   -2.58966129790709389657E-04
   -8.46420433195815696825E-02   -1.47977695334575425762E-02   -2.09927902224969461023E-03    3.42088190447828385810E-02
    1.59318979775069057003E-02   -3.73031854856242933716E-02    5.79946158963124259837E-04   -5.56720580197904296726E-02
    3.43454166650308074724E-03    1.86569264797716260736E-04    7.60727052540175335826E-02   -8.38560023442841873283E-04
    5.35001088612889308394E-01   -1.88884527885102931899E-01    1.03093546007658090624E-01    1.24657266904315180978E-01
   -4.48367410940826160992E-01    7.23970770661748058705E-02    6.77454848639630458074E-01    5.51510083694808583843E-01
    6.90892065704560992545E-02    4.77859217920261133972E-02   -5.81367393185712780755E-04    3.18787452366825208028E-02
    1.59251865320606117438E-01   -1.10232437290431299626E-02   -1.74957288529987570191E-01   -1.43260671416486740082E-01
    1.91199545854265941236E-02    8.21999342232884906700E-03   -1.38333600457466399103E-01   -7.76971827923459007481E-02
    5.57425222856083535383E-01   -1.93239105081574796818E-01   -1.03022836074645074422E-01    1.23729004436096329256E-01
   -4.48570895554938731120E-01    6.51544262393852074977E-02   -6.97526323060899677841E-01    5.52658927916815589931E-01
    7.47679550238894152780E-02    4.97741159078736034038E-02    3.33972476054795238548E-03    3.30423189593784874529E-02
   -1.61345780675596739417E-01    9.27478826779130904878E-03   -1.77311213352839058821E-01    1.42185323146981207332E-01
    2.35882441280405481809E-02    5.73295291987490403945E-03    1.44424769085823939685E-01   -7.85585929192786081021E-02
    6.49441300450782771359E-02    1.56735322002129898525E-03    4.29605470937244993124E-01    1.80510495919785599224E-03
    1.30636702067897125801E-01    3.57425280246612001381E-03    9.15847441234838854918E-01    4.25028041584546347614E-03
   -5.09681617564574751533E-01   -7.55967647484950908826E-03   -2.37187285090553423572E+00   -6.60345129345714810382E-03
   -1.08316074503408188434E-01   -5.83298557287879361477E-04    1.81656921016121492007E-01    2.20457044017070662167E-03
   -3.38297561604342267305E-01    5.24925561106630821084E-03   -5.82874296434137351142E-01   -7.56069915008013467006E-03
   -1.83170229482543548902E-03    1.24197029545725465272E-01   -3.20751372816155747025E-03   -8.84988066324112893080E-02
    2.77602956965882191175E-04   -3.60099862894517841472E-01    2.76301785502152189022E-03    5.48499196234145780515E-01
    1.17177226709735075177E-02    3.52784715055766417979E-03    2.56649730922425857449E-02    1.57591958765976964882E-03
   -8.29872241643780372833E-02    2.23286942922937313785E-03    1.18477195550560271409E-01   -4.08886767402921475628E-03
   -1.53749778952556297867E-02    1.11520700376155782797E-04   -3.61057089355821814181E-02   -2.97468513417533427911E-04
    2.46329367102856298163E-04    2.23011841258247162090E-01    1.00907167940990989859E-04   -1.51489236301856973650E-03
   -2.30706826791279767663E-01    1.11705658720566512049E-03    1.85082565670999371621E-01    2.59641280933664737873E-03
   -3.21601857057355541847E-02    1.43882950292626441216E-03   -1.36049018376681717796E-02   -2.07457478754660104873E-04
   -1.87361513167205772160E-03   -1.31977177546869328673E-01   -8.93971527755991709520E-04    8.62651855981541176854E-02
    5.19038811535541683151E-02    1.09134051145328425658E-01   -2.53369173510825884676E-01   -1.90353142508565470470E-01
   -5.22393720775245484766E-02    1.72739402897524291225E-01   -1.57983387321097151768E-01   -1.30147437386820552518E-01
    2.13246856082794672416E-01   -2.54331583480901290972E-01   -1.18133480016512415478E-01    3.40292774998584512947E-01
   -2.14307814635589871655E-01   -6.79969651748856679374E-02    8.32456586336951520622E-02   -3.54738164320504090199E-01
    2.66257559205967719862E-01    2.85241823489478463216E-01    2.37972068873015085710E-01    2.90285774940362784058E-01
    5.12443484487561731755E-02   -1.14546795993753794396E-01   -2.55150026312943478679E-01    1.92721649352964208290E-01
   -5.21422069190083520285E-02   -1.76848235411425025454E-01   -1.59248372384495462395E-01    1.33355662382222350804E-01
    2.16968190901219354361E-01    2.47962760613013727395E-01   -1.20127193663598877404E-01   -3.38705040694681380753E-01
    2.16416088114385285479E-01   -7.73567429882683760267E-02   -7.70753503230599962270E-02   -3.56566447391861274241E-01
    2.57392611254782466279E-01   -2.84672133267108329324E-01    2.43293873822108958072E-01   -2.86535409958475206782E-01
    3.62853606536055972587E-01    6.27710894445899086902E-02    5.47205240853568475323E-01    2.96887862790202461394E-02
    6.56964019824796019442E-01    1.29620422613618890839E-01    1.14385624427795073998E+00    5.73160275206353042599E-02
   -3.05388650614536016903E+00   -3.24958557805755221537E-01   -2.27179860084157425604E+00   -1.47160751724124266859E-01
   -8.57961262828642462486E-02   -1.75689528416049303705E-02   -1.23266438388413529514E-01   -6.60908733884864145469E-03
   -1.70934993470851903652E+00   -1.37766130529626829038E-01   -6.91163924821703190560E-01   -4.77385692257379506964E-02
    5.99560238959315639634E-03   -2.86795347738724060171E-01    1.08933522926878949971E-02    4.41561355311312020433E-01
   -5.64464271410778801997E-05    7.95186743851984539910E-02   -1.15864990529592412627E-02    1.11122231800736562257E-01
    5.97390198844052131011E-02   -7.59208254255406677496E-03   -1.33162193265053047098E-01   -4.24978036424059936460E-03
    5.05118976872093727870E-01    5.72608502751534992337E-02    4.36454173551494184480E-01    2.81452107524053050935E-02
   -1.62913292324844902192E-02    3.95022037967674485154E-03    5.23627281200361033298E-02    1.57742117077845200174E-03
    2.15895808175808820439E-02   -4.54344219164274309986E-01    5.81279661655985102620E-02   -3.98525700698893980967E-01
    2.53449972231764686370E-01   -1.37983935625955369403E-02   -3.16761662675423827373E-01   -1.02412108294333611264E-02
   -5.77693521570114224689E-03    7.09534876262270453517E-05    1.28987688497234336688E-02   -2.15443832564813243097E-03
   -5.27244271609264483075E-03    3.71939890185464597239E-02   -1.21143432222998153475E-02    3.84767733415163681876E-01
   -2.87621927175226055340E-01   -1.14623441510688706124E-01   -3.53167986193426264308E-01   -1.69346997013745198535E-01
   -3.45614431111889441883E-02    1.42826472995350645112E-01    1.34045565488728358333E-02   -1.69727051111741050748E-01
    5.70784556402166298739E-01   -3.31267556730011181187E-01   -8.41078777541365424364E-02   -5.12382001566252867630E-02
    4.21189240250137292287E-02   -3.12943237371819227288E-01   -1.48824011547321582993E-01    3.18735965099064766370E-01
   -2.28155415948854578545E-01   -4.66763394925495608834E-02   -2.81558790061784969261E-01    3.84779798116894000692E-01
   -3.00572881111614065297E-01    2.80552875189794270749E-02   -3.80507769249605221074E-01    1.24309603832937626278E-01
   -2.75717807442637241611E-02   -1.36109019014549414983E-01    2.28869456413887638335E-02    1.63886871698090103022E-01
    5.47288856524232647516E-01    3.54670593556486113407E-01   -1.54505621310966595461E-01    5.85326455459933489567E-02
   -2.42409635437598851293E-02   -2.79228032356322486418E-01    1.81263627821266010143E-01    3.12953288547838215372E-01
   -2.22352473233440289802E-01   -2.02640263474629933604E-02   -2.58838897045504501282E-01   -4.12921179156810369548E-01
    7.99732333440900527988E-02    1.59839672890112083348E-01    1.38294713604861507772E-01    1.16860239853915585245E-02
    3.48433400775410087591E-02    1.70774933293187491934E-01    2.73680822954105618106E-01    2.42168625878059970424E-02
   -1.85668483360174341179E+00   -2.52082925935876023260E+00   -6.97398563261021203763E-02    3.01027765445629133523E-02
    1.06661026883403439736E-01    1.36040857564891839310E-02   -4.49152451512214057061E-01   -1.80033030880375928551E-02
   -1.11152095846697190895E-01   -8.31756660341171905060E-01   -1.07787823169962360126E+00   -2.89016354523365243123E-02
   -5.53319876129040877366E-03   -5.67130837679115460542E-03   -9.09548366396894028552E-03    5.46415943991077734943E-01
    1.14549094564276622565E-02    4.65746706176134103727E-03   -2.50603834188699997609E-02    9.48955594704116056626E-01
    2.94540385417312755578E-01    2.34215695628233661063E-01   -1.95243639342976726958E-01   -1.93477222539702349569E-02
    5.25051306171869347494E-01    2.69353583689690034841E-01   -2.68361195353079007297E-01   -2.20678195794757892045E-02
   -3.42094690739770182497E-02    2.46827654622345293856E-01    5.13500691986241222797E-02    3.87371953839685430332E-03
   -3.38503877714073624777E-03    7.62625230368248088579E-04    2.33506384234524154431E-02   -5.75148186987438192475E-01
   -4.69874437803647460044E-01    6.36676990909915280215E-02    3.81932834470674109628E-01    1.67236943134533057320E-02
   -2.06605632013761253418E-01   -9.53518688581714117525E-03   -5.11084880070624580917E-01   -1.30533489880694901497E-02
   -9.64624261304107902260E-03    2.69817558513269937712E-03    2.16149194866704849605E-02   -9.27144516931233453327E-01
   -5.76944431524619716356E-01   -5.53558147584871207414E-01    6.52379186343778894042E-01   -9.31812199615213998527E-01
   -2.28454288140124306405E-01   -1.11203681695994940903E-01    2.65476470624949667521E-01   -3.32606712275339111429E-01
    3.98096051998758221346E-02    1.95079888079712604476E-01   -2.59285505160591678298E-01    3.74812952346299799178E-01
    5.93503953663219285808E-01    2.02435321552587005334E-01   -3.98263066583788905017E-01    5.11015598638121626429E-01
   -6.65375920568082451778E-02    3.85868678441551871128E-01   -2.25100335214707791831E-01    2.82220210054773879005E-01
   -5.79540129343106946713E-01   -5.59307601054509939686E-01    6.12056634631739093777E-01    1.01022134642068150967E+00
   -2.28000402727534828839E-01   -1.11829974092920295115E-01    2.49005547572412194723E-01    3.53911610901573359111E-01
    3.12095139965352583178E-02    1.91546634125956571904E-01   -2.39900386032289969496E-01   -3.94829954524473059063E-01
   -6.05082441239042534420E-01   -1.96031474624788593086E-01    3.67222278452667805215E-01    5.43792739805450842105E-01
   -5.91464920595632659417E-02    3.96384935506688518281E-01   -2.15863936256320970708E-01   -3.08757581420387339222E-01
