    0.99428312244835581613E+00    0.24722520736483058479E+00    0.88382018136230991456E-01    0.23849458165823040226E-13
    0.24665889315049774333E-01   -0.92405246153918585428E+00   -0.46023312580538178196E+00   -0.12102593573480403758E-12
    0.32322429740702339395E-16   -0.65019724430619278852E-14   -0.14179837130348393681E-12    0.60759080115969621438E+00
   -0.14032131803433839996E-15   -0.61585688493047078725E-14   -0.19638296130835548713E-12    0.79425022401389244742E+00
   -0.37896579849145623289E-02    0.11145199704759288506E+00   -0.69967619655302493165E+00   -0.16608807130477667812E-12
   -0.67454680159573666282E-02   -0.16598866388331690036E+00    0.49819905076616399775E+00    0.12211662080480202094E-12
   -0.63984110420053834056E-15    0.88595879237062302725E-01
    0.41678660268688299687E-14   -0.60143332738072907695E+00
    0.79425022401389300253E+00    0.14271667412354219205E-14
   -0.60759080115969577029E+00   -0.43598454039244103169E-14
    0.17643615910604628042E-14    0.85970873986390916599E+00
   -0.79003644892165637290E-14    0.11478930382059273629E+01
    0.99483797555989861294E+00    0.23517939261599599132E+00    0.10638489895845348876E+00    0.17028408640098662824E-14
    0.22366151373387446744E-01   -0.86541376356881949405E+00   -0.53920669081946082102E+00   -0.10269422059456553683E-13
    0.78189848357890493484E-17    0.20705792625523408691E-14    0.14046586613122325619E-13    0.79425022401389056004E+00
   -0.33812050697432189442E-15   -0.26665547745210184887E-15    0.42816457361482289806E-13   -0.60759080115969854585E+00
   -0.35085874280411061092E-02    0.11596253236340037240E+00   -0.66066360021561110205E+00   -0.42479522522343510111E-14
   -0.61569708878507871386E-02   -0.24848677382012224202E+00    0.52630890041504996280E+00    0.15329436926707867124E-13
   -0.78932218680214727127E-14    0.95132279674724415375E-01
    0.42096813472535152396E-13   -0.62276227632949954227E+00
    0.60759080115969887892E+00    0.12413252630909561973E-13
    0.79425022401389044902E+00    0.26562321030071120046E-13
    0.25834375400891046763E-14    0.88946376813623617696E+00
   -0.54306787404793922247E-13    0.11201222323980175588E+01
