    1.00130717593928753040E+00    9.40774957007401400888E-03   -8.12404799937281289290E-16    1.01047689264565137848E-16
    2.57144366700866279160E-03    5.01515602445260944009E-01   -3.27834105220301925764E-15   -2.75606076521211781548E-16
   -3.45210598648419859924E-03    3.73559727446746814294E-01    2.78693912777275461461E-15   -1.28035238198916005889E-15
   -8.81256616796657078483E-17   -4.61656314602646536136E-17    6.46808151135167998211E-17    7.22975244969302655029E-01
   -2.71487607014709964983E-16   -2.10048850310821714484E-17   -1.78847717677790023478E-16    3.97980735312517153179E-01
   -6.03570929144219032500E-16    1.32072485833393445011E-15    5.70633060139141279343E-01    8.59743747960411059019E-17
    2.37739922321843759484E-16   -4.89169981232676340747E-16    2.28083678563347241885E-01    5.47603269320557496155E-17
    1.82424224616870066587E-03    8.83314614305316381238E-02    2.07000937490219702438E-15    2.13258679732759838682E-15
   -6.92009010071849327630E-04   -1.19722249092458089131E-03    1.82279440954712893510E-15    1.05987834631400963275E-15
   -4.76540643779974209550E-05   -1.84855884941532077823E-03   -7.53622346663062450719E-18    2.60783314839245772215E-17
    5.00818050768785629703E-17    2.92816945542575117423E-17   -1.27975209826988269248E-16   -1.56744592813450227645E-16
   -3.26799203500885048392E-17   -2.79738840794773452294E-17   -2.12319433082800016808E-17    2.22257202178615352606E-02
    7.86923009109365470797E-05    5.43393676745782070597E-03   -1.39513489228595413912E-16   -1.55226436499826330439E-17
   -7.09186415190897088607E-16   -7.90082596985422222620E-17    2.81486316373149823844E-02    1.15095700072177845359E-17
   -4.98128135956814706775E-05    1.64974886230489031780E-01   -2.94673795420031581216E-01    7.26621647963031040391E-16
    4.96176773709924986630E-04   -9.60971516892807249566E-03   -9.92075915067081905152E-03    1.44051623800229039150E-16
    3.35655631136813609126E-16   -3.69291301022068644065E-17    1.18791034200398250205E-16    2.39539535848185131117E-02
   -5.12567471960391355182E-04    3.87619138440389865430E-02   -3.14735350476419775689E-02    1.45150391119556628505E-16
    4.68531512002382389669E-04   -2.29234109533234912959E-02    3.75877096479766692472E-02    8.14425013408252206188E-17
   -4.98128135947126411687E-05    1.64974886230492001626E-01    2.94673795420031248149E-01    6.15980395630304725112E-16
    4.96176773708633376582E-04   -9.60971516892812106791E-03    9.92075915066988577029E-03    1.55434031798401341979E-16
    2.67869613662569828701E-16    2.01734984217104205639E-16   -1.01223946610154483714E-16    2.39539535848185408673E-02
    5.12567471960203137685E-04   -3.87619138440382648980E-02   -3.14735350476404163178E-02   -1.45029538983887591043E-16
    4.68531512001899214971E-04   -2.29234109533244245771E-02   -3.75877096479745181901E-02    4.03885429459136466339E-17
    8.16208490985419546360E-03    1.56762839100075615506E-02   -2.64856189103798973059E-15    8.55523064634660436395E-15
    1.56765411395980658327E-01   -1.46144276123481020591E-01   -3.63429727703289574241E-15    2.35562337010356188692E-14
    2.86863694437582361640E-01   -8.48836515712011796531E-01    1.84720786461736826742E-14   -3.24350117893111498324E-14
    2.46346653319261554211E-15    2.71288596041268795177E-17   -5.01883514687094269763E-17   -3.15881870691742292559E-16
    1.44638689261535058254E-15   -1.08009098845298248894E-16   -2.45135446618568831916E-17    2.45781158067350548641E-16
    2.76727402784411114928E-15    3.70165434828367583587E-15    3.25803477751949066565E-01    2.45751040371577522681E-01
    2.22191355620812864277E-15    1.35371666313298195589E-14    5.71444865364478471470E-01    3.50365744104608745069E-01
   -6.22258794814003146634E-01   -2.09258972708597418277E-01    1.07586418873598601232E-15    1.15969590427893040704E-14
   -3.12371505900742196804E-01   -2.66181836377363534307E-01    5.29422990689051626447E-15   -1.32057577320121335615E-15
   -7.17728925218570276701E-03   -9.62765465809011997123E-04   -7.04887829924998751591E-17   -8.56555919805010252884E-17
   -1.04257455000254315695E-16    6.72934688110292344268E-17    3.37147003781168412444E-17   -2.67064955990711431493E-17
    1.54677348557450457022E-16    3.03771541836205025908E-17    7.50168360975445220683E-18    6.90437141378498544435E-17
    3.99719716029290923071E-03   -3.60753588183546167883E-03    7.35109147489380646259E-18    2.60688818400695780840E-15
    6.24387046321541415368E-16    1.46692617656492520824E-16   -1.49175973808057582342E-04   -1.19902250749899907944E-01
   -1.92637149535023949332E-01    1.38924452975386775178E-01    1.65133963769236918884E-01    9.46870620119556916094E-01
   -1.26381125015214805518E-02    7.49573816240157952961E-01    1.27591911782507816397E+00   -8.71545417823117785083E-01
    7.03675250427165217093E-17   -1.45152362112859573792E-18    8.49782005676064676412E-17   -2.29427867012354638751E-16
   -4.10201513665408162845E-02   -4.90681927709286577755E-03    1.95852252561923626233E-04   -5.09620998595620988691E-02
   -1.38625390012091405378E-03   -7.10247874170857993077E-04    6.49719940054286487774E-03    1.33547739289964051412E-01
   -1.92637149535024393421E-01    1.38924452975373036168E-01   -1.65133963769240138530E-01   -9.46870620119618089383E-01
   -1.26381125015230348640E-02    7.49573816240125756494E-01   -1.27591911782510192275E+00    8.71545417823170631699E-01
    1.67119986147082889714E-17    1.18174340007950719905E-16    1.49896623080188568169E-17    4.03962221937886911709E-16
    4.10201513665415309906E-02    4.90681927709258128290E-03    1.95852252560657657567E-04   -5.09620998595853719193E-02
   -1.38625390012085420582E-03   -7.10247874168747268288E-04   -6.49719940054267405816E-03   -1.33547739289968492304E-01
    6.58611901895841955756E-02    1.72480617773735677312E-16    1.21409451897471713094E-02    6.44332040244508213927E-15
    2.29829660209864006237E-01    2.25022893559548543723E-16    1.27332576654882623224E-01    1.55876247505554178197E-14
   -3.44268635161772917908E-01   -1.09946555295726766893E-15    6.54556470329045847478E-01   -2.01478891354957614671E-14
    2.72114984271382615211E-16    9.01473033914616084239E-01    6.89799712737689055966E-16   -7.07439805938578569281E-16
   -2.48479820592414995317E-16   -1.05758014201545336164E+00   -8.20417833003212619468E-16    1.08943675544935864136E-15
   -1.37241939694436096384E-14    6.46794831637687192894E-16   -1.11463440213975417005E-14    7.20334967501272460666E-01
   -9.62870272517026137947E-16   -1.16702969871391514376E-15    2.76723010794965925836E-14   -1.78799319139996848449E+00
    3.40489804108978444397E-01    5.44761696554299930152E-16   -7.17202989947490099354E-01   -1.04091967527477360521E-14
   -7.03205582669333834067E-02   -9.59198822889705275835E-16    1.27489859750468692567E+00    8.05205065072180244238E-15
   -1.09357054152212909356E-03    1.03154611566483170390E-17    3.63489355079740956989E-03    1.24351508397291970408E-16
    1.19393285075413824207E-16   -1.34853315856083201027E-16   -1.12015218009270350273E-16    2.35297981204674582709E-16
   -3.39344414422017738875E-17   -5.01872723618843551673E-04   -2.54637813001274396384E-16   -1.01824931973071232498E-16
    6.00874934348557265817E-02   -2.90764345424355764883E-17    1.39572624420620430147E-02    8.19603133879191626060E-16
    5.37615444347444436899E-15   -1.14804872698912334452E-16    2.18111921700684752290E-15   -2.51057846905375151025E-02
   -8.09695694483350325577E-01    6.90972542027744967961E-16   -5.27948353953873183997E-01   -3.48077484393806313445E-01
    6.20854873837882181853E-01   -8.42587967166090090239E-16   -1.02608183632434443733E-01   -8.95049989668459833325E-01
   -3.40219469254978954841E-18   -2.46202215428249562845E-02    8.47312693328864549601E-18   -5.62051511138524838786E-16
    2.53126480176465495919E-01   -3.87029632079557023606E-16   -5.14140013359193973064E-02   -2.70894381650758853119E-01
   -4.37861862274672095086E-02   -2.78431257113990677582E-16    2.37887806261908363314E-01    1.49052667099909441628E-01
   -8.09695694483281935838E-01    5.21866808395633150538E-16   -5.27948353953880289424E-01    3.48077484393798042284E-01
    6.20854873837799026148E-01    1.05644080938478031435E-15   -1.02608183632466973267E-01    8.95049989668472600890E-01
    1.61466722044809021195E-17   -2.46202215428305733191E-02   -1.68828048648083835563E-16    2.51717221000100336642E-16
   -2.53126480176461110538E-01   -2.16201708501771757704E-16    5.14140013359341632726E-02   -2.70894381650769955350E-01
   -4.37861862274522145588E-02   -5.18689255065353467078E-16    2.37887806261915718542E-01   -1.49052667099900226777E-01
    2.31163816342015659977E-01    5.01109377538502649452E-15    1.70980041357410139271E-15    7.18150705646640408197E-01
    5.80914922826875401718E-01    1.26993244481118083972E-14    3.45915671113230430699E-15    1.56991709221274300390E+00
   -6.24280876869059531131E-01   -1.38280689318127724657E-14   -8.51294709992941050035E-15   -3.01026256474896181103E+00
   -3.42522024833199426776E-16    3.91048361958247380149E-15   -7.35819910894779495927E-04   -3.59444493184784769123E-16
    1.24545993976129536274E-15    2.30713351718379125778E-15    6.36229892157980758682E-01   -1.36962700285662121634E-15
    2.36098658732792572672E-15   -3.76010784851627468261E-16   -6.63132776029056609459E-17   -1.31888232938634831658E-14
    5.74015657179484670391E-15    1.54383679787321506542E-15    8.66297536310099511466E-16    5.72092384207198054063E-14
   -1.20468876616106043698E-01   -2.77178248125605726312E-15    1.93030470680302568157E-16   -8.13702429453040387841E-02
    6.99606864477712808714E-01    1.46984613780471613840E-14   -4.29325934516758323562E-15   -9.83479390186148605402E-01
   -4.08070272920906390590E-02   -8.23844543370837518588E-16    2.00404793852013852510E-16    3.86718780081912669178E-02
   -3.23710525757108930843E-15    1.66693720463899075490E-01   -2.39737342412096629643E-15    1.80267730948366098400E-16
   -3.73691482791918020658E-16   -8.92183808336588507431E-16   -1.99584754337405467783E-01    8.46280691442471797271E-16
   -3.13474570816409982277E-03   -5.67498941865240133912E-17   -3.05529821691440980784E-16   -6.14398685988954001980E-02
    9.07128380525712000319E-16    4.75359393880144874928E-17    1.06182426895630143578E-16    2.57017814287583288385E-15
   -3.09587406541765086665E-01   -6.31929254628240987247E-15    2.98050154678827542528E-15    7.98941256475787398017E-01
    2.37019224344946904948E-01    6.71289913628072202847E-15    2.04994965915950437462E-15    4.11579899034324458995E-01
    1.31855819949139427796E-14   -6.72814473306544869047E-01   -7.51190097046730120844E-01    2.59339782959422207153E-15
   -3.25268361614247381031E-01   -6.35768906201751052733E-15    1.67309232008855487556E-15    3.71536233657957792875E-01
   -5.25197871282547024130E-01   -1.14101235394347987794E-14    2.88228373784924325367E-17    4.03399526251950260591E-02
   -3.09587406541767029555E-01   -5.89761166460910255517E-15    2.85123563508170050760E-15    7.98941256475760419598E-01
    2.37019224344935469651E-01    2.85987875040614194830E-15    2.97503449298097226731E-16    4.11579899034281049275E-01
   -1.50467609570983067040E-14    6.72814473306528104679E-01   -7.51190097046744331699E-01    1.92088186428052160569E-15
    3.25268361614245660185E-01    7.02415232861228473999E-15   -1.72630685136648873949E-15   -3.71536233658003478553E-01
   -5.25197871282534811677E-01   -1.04961402003235435727E-14    9.58234737970967441075E-16    4.03399526252556164807E-02
    3.46569976764293490356E-14   -2.88545125560632305691E-14    2.72320593191283433221E-01    3.31157045283654147881E-16
    7.70692347764092271744E-14   -7.50808946654744109668E-14    6.96193275566107327990E-01    7.17008968500997216624E-16
   -1.30618259236515034087E-13   -9.97042392691866237786E-14    7.00061199766730424265E-01   -3.85019616506731638718E-16
    1.54547126642802087407E-16    8.68551969475994950886E-17   -1.06102967851234003794E-16    1.61798825973916184096E-02
    9.89424635024659857158E-17   -3.34648258455628558659E-16    6.49740306027023364188E-16   -3.32043733419330633350E-01
    1.79978524068262028812E-02    7.89150628157180289435E-01    9.67503850612397686893E-14   -9.03665719456812992236E-16
   -9.13562450335439812932E-01    1.66126831694719478971E-01    2.21134496702061598178E-14   -2.37170227921359032867E-16
    2.13206966308883931964E-15   -7.26693102645522218908E-14    6.25376024423476728487E-01    9.93761415836897743616E-16
   -3.90352111884794383509E-14   -2.43305601670645324626E-14    1.23264048071234075254E-01   -7.81243595543891583190E-16
    1.26403929790602538079E-15    3.91684630010733439733E-15   -2.14415937273451130685E-02    6.64157038854457578076E-16
    1.23805095493374667596E-16    8.68196070826749874235E-17   -4.76199986885263208175E-16    2.15258495517797477003E-14
   -2.94515967803320851532E-16   -3.89913684598685983053E-16    5.54045895999247100703E-16   -1.03525245988155645271E+00
   -3.97391340049118433976E-15   -1.66162394685559677177E-14    1.30503601528619922467E-01    6.40343921513121056418E-16
    3.31395501560733107826E-02   -1.55464350093989484014E-01   -1.96767219594627995473E-14   -8.01973114543504559578E-16
   -3.88947556339434452610E-01    2.49299728206149734389E-01   -3.77738076545727385902E-01    1.12610423807021225227E-16
   -9.98728812331964588278E-02    3.69876106580957930703E-01   -1.70899842000551333010E-01   -8.64879679151475693271E-16
   -3.70949492957834689809E-16    5.89079912442666787796E-16   -9.00044576301013556125E-16    4.24607067317219255553E-01
    4.65842628517171508662E-01    7.25744639799661306334E-01   -7.16364883151947795525E-01   -1.95983597472733165468E-15
    6.95460911847298635102E-01   -5.53081676449439507692E-01    5.33977506929663059410E-01    6.12203643347518929021E-17
    3.88947556339489741717E-01   -2.49299728206048620827E-01   -3.77738076545788670213E-01    1.16298362842403986756E-15
    9.98728812332372456462E-02   -3.69876106580914243427E-01   -1.70899842000645618700E-01    2.39407116271841098911E-16
   -2.55920085753785595177E-16   -7.91008012889991356561E-17   -1.80127823921858774258E-16    4.24607067317205322254E-01
    4.65842628517151913226E-01    7.25744639799484558829E-01    7.16364883152118769871E-01   -1.04480603794626059581E-16
   -6.95460911847292972965E-01    5.53081676449313830446E-01    5.33977506929802392399E-01   -9.35547980969850402178E-16
   -5.23264666401043685352E-16    9.14800166340091897021E-02    1.41353676688345974988E-01   -5.85461061525628175720E-15
   -8.55035780742998461487E-16    1.56021309771882693562E-01    1.62104697249651985569E-01   -8.67701161974257009877E-15
    6.11025428245835589248E-15   -7.22961659862507821650E-01   -2.33196092445572222829E+00    6.66542768155322533632E-14
   -1.07496116483438043316E-15    2.07579745914850357880E-16   -1.25070213940752898701E-17    1.04683947949155963373E-16
    8.03324610206322392783E-15   -8.37795943656593511022E-16    6.22764328176248246249E-16   -6.09682586204811194226E-16
   -2.86463271526219426306E-16    1.41281456591708762430E-15    7.78390815025354723262E-15    4.61088321371414089356E-01
   -1.13022471273132590933E-16    1.88694265813557908344E-15    2.71568655468416934680E-14    1.17761925978002213178E+00
    1.15263766368809587269E-15   -4.40252176826449320712E-02   -4.13420248277945490134E-01    1.26390675771232161065E-14
    2.80515935405469350902E-15   -6.17382871675345112905E-01   -9.34692878359982937120E-01    2.37537842448759429755E-14
    9.68195998571180384180E-16   -3.12531623327805097023E-01   -2.13043321612916940200E-02    9.77277049272285739815E-17
    1.06030128007121526856E+00    3.40607875638932027798E-15    1.27934736628861499082E-15   -1.45179236998840624641E-16
    2.10345073240783217258E-14   -2.53625506033208797877E-15    8.56642080891155725861E-16   -8.68993552939179275037E-16
   -2.83126727189038845961E-16   -6.00665681810806789676E-02    5.76866529598322519412E-01   -1.40047310090858132546E-14
    1.82610763301130881242E-16   -2.04097730232189806231E-15    3.02317428285378095731E-14    1.32205194101983636301E+00
   -2.31661826422910114195E-15    3.93873631688424596931E-01    1.25465164777784532468E+00    1.09234157956311039861E+00
   -2.05504479913468218722E-15    5.47001855175154455546E-02    2.08670321788898771587E-01    3.08739494914609058362E-01
    3.92146943053598318052E-01    2.28358965961548253022E-15    1.16063665187020542497E-16    6.18234593894854436744E-16
   -2.46904602615461752882E-15    4.11606489447292278605E-01    6.40368225902337884214E-01    6.20841506885696503559E-01
    1.72339552589346102789E-16    2.89984332422496327020E-01   -5.35006670071801471167E-01   -5.07637671540064450149E-01
   -2.70964299284334958030E-15    3.93873631688426262265E-01    1.25465164777780024963E+00   -1.09234157956317723404E+00
   -3.66461632854255598102E-17    5.47001855175075768489E-02    2.08670321788876095281E-01   -3.08739494914622270016E-01
   -3.92146943053616248154E-01   -6.08000688058821170325E-16   -1.44709269128912032318E-15    6.37234875404318836573E-16
    2.19468408004498208413E-15   -4.11606489447289058958E-01   -6.40368225902304688546E-01    6.20841506885728589005E-01
    3.74027108598890662369E-17    2.89984332422500934445E-01   -5.35006670071781820219E-01    5.07637671540090984479E-01
    1.00048146843917629134E+00    2.47780992300392901781E-03   -8.98328184987387175924E-16    5.63660738280613755891E-03
   -4.85551758300006527404E-04    4.63325096775808686900E-01   -3.19165197731510850027E-15    1.71406511160370617075E-01
   -2.18421229757733998539E-03    3.41654520260265992526E-01    5.14106033002629579304E-15    3.15372491601402793471E-01
   -7.93884092358260378485E-17    7.54108757515720092436E-17    6.51034395439389482264E-17    4.15375013030622276264E-16
   -2.49079604529709595004E-16    3.44534597759743593253E-17   -1.41830012386666574298E-16    3.13175608292927182266E-16
   -5.65318083055778179136E-16    1.27510268346471423412E-15    5.40143429624387660937E-01    1.45329000497449276793E-15
    3.77886047394690061732E-16   -1.11189397688923911930E-15    2.17829792473458822011E-01    1.41076700872818562145E-15
    1.73303517994278263696E-03    9.80819790209615377519E-02    6.69387496266676986827E-16   -5.99876038735651095912E-01
   -3.11204923514508339632E-04   -1.28540000133430323825E-02    1.87983466518259720735E-15   -3.27495270062251875309E-01
    1.55714196808683140666E-04    3.30201040321525520968E-03   -8.54533274039286047991E-17   -4.50101478243367710691E-03
    6.09187558984958340858E-17    2.01557934741570257066E-17   -4.35002872792615287934E-17   -7.68726632769167436152E-17
   -2.27434963907087096985E-17   -6.96522868275514983304E-17    1.20065965008828431024E-18    5.12022750597691085740E-17
   -5.21050762823073053062E-04   -9.69818775083875969645E-03   -4.03500801160532477283E-16   -1.79137420334113438639E-03
   -6.48537673106786294282E-16   -1.69603097686921103515E-16    2.72247765147554908471E-02    5.32076915016224032186E-16
   -3.91320426765346058087E-04    2.11709210973085010243E-01   -3.22627954451929432889E-01   -1.89953519205152493443E-01
    3.30632169295911845005E-04   -4.21850907847607856094E-03   -2.07274312400247753829E-02   -1.45164080525132643124E-02
    3.32108828788089607084E-16   -1.53969480238263867004E-18    1.10006926204254890955E-16    1.99902705031099100985E-16
   -6.11439449370689935663E-04    4.47096022737288670279E-02   -3.10281091915697200545E-02   -3.92655040758744730556E-02
    4.83469337404564454292E-04   -2.38725211436822855327E-02    3.88890208555677935331E-02   -4.44213328139542347472E-03
   -3.91320426764562288337E-04    2.11709210973090089514E-01    3.22627954451924880974E-01   -1.89953519205154047755E-01
    3.30632169294454785705E-04   -4.21850907847555814389E-03    2.07274312400224439146E-02   -1.45164080525159635421E-02
    1.39672793360942059441E-16    2.78009942902201438331E-16   -1.38434408695409452934E-16    9.92324433528265458909E-17
    6.11439449370486647756E-04   -4.47096022737298731675E-02   -3.10281091915673191972E-02    3.92655040758752432728E-02
    4.83469337404308799420E-04   -2.38725211436841347479E-02   -3.88890208555653302258E-02   -4.44213328139489525143E-03
    1.44592061473088480847E-16    2.54642830702669804854E-02   -3.23183221160390676154E-15    9.05925039087208944269E-15
    1.57193105453740908623E-17   -1.34243798456230245542E-01   -7.65146708665249891906E-15    2.61752810031792666549E-14
   -1.00396660527326599503E-15   -8.87755977315971667174E-01    1.05754026167192033753E-14   -3.66441692275682740882E-14
    5.29620625634107833335E-01   -2.15121119201621392729E-16    8.91333476697244414454E-17   -2.23732378143500123962E-16
    5.92427182114463879437E-01   -3.49720340042958878890E-16    4.59007648324429502018E-17    1.64725061032639527531E-16
   -1.72888423977554130478E-17    7.85760439023189130571E-16    3.27775006208860131274E-01    2.49330926187890239420E-01
   -1.83393888332385059024E-17    3.78391207149854779590E-15    5.93283087816242726831E-01    3.82932164437521038725E-01
    1.99725202217921922164E-16   -2.05963322946266458313E-01   -1.30352109480715085111E-15    1.31846437003022951745E-14
    2.60114998512612611527E-16   -2.71715302628534827178E-01    2.43899347129275249804E-15   -3.60838832583985342020E-15
    1.12621623572716512840E-17   -2.45978578033527765442E-03   -2.98784437179511246663E-18    3.41044325204141907005E-17
   -3.42172058893663781577E-17    5.71063130015898728961E-18    5.92251086008598762628E-17   -1.29050874046769706301E-16
    1.77706181991823634891E-02   -5.09053621028702604097E-18   -6.23748139885162525418E-18    8.38480470605312751619E-17
    8.43918889540977793923E-18    1.77459670803337501467E-03   -2.12106004813022599419E-16    2.48403118248733684970E-15
   -1.80277336852624056853E-17    4.86946191492835890390E-16    1.41329513401545364161E-03   -1.17418409176593518950E-01
    1.77507077072152864747E-16    1.17147014448403488651E-01    1.48077753486173080422E-01    9.44936008720794862192E-01
    2.89849894978134832221E-16    7.65788573612650513844E-01    1.29276074351900827075E+00   -8.48868984136380899663E-01
    3.75446764278801331516E-02    1.59980109685978502527E-16    4.84597787354236985847E-17   -4.24594736559525943029E-16
   -3.20726482503123548480E-17   -6.33716636528437043951E-03   -1.88113087355012227522E-04   -4.95152461670397073257E-02
    9.38538779053486361838E-17   -9.12967977390732464589E-04    7.87760077932590438432E-03    1.35624097706952939646E-01
    1.36017022766602478081E-16    1.17147014448393718689E-01   -1.48077753486172664088E-01   -9.44936008720861364552E-01
    6.19496419585260088962E-16    7.65788573612659617673E-01   -1.29276074351901226756E+00    8.48868984136439075350E-01
    3.75446764278799943737E-02    5.21015741488380359965E-18   -1.07863760937609003043E-16    3.46190838963094609445E-16
   -5.40509310533112366829E-17    6.33716636528485009056E-03   -1.88113087352855749401E-04   -4.95152461670697319196E-02
    1.37858586792102906177E-17   -9.12967977388328137851E-04   -7.87760077932444721660E-03   -1.35624097706959323428E-01
    6.19827110334181599627E-02    8.12853931874531546176E-03    7.19594015276179326206E-15    3.04486626406768414334E-16
    2.37105729072200538399E-01    1.24784801300718742323E-01    1.66331779259970813385E-14    5.81805374469012918542E-16
   -3.26353652551061856890E-01    6.76593999995042327811E-01   -2.80522080906429968454E-14   -1.88400050341951693368E-15
   -1.52703751664538059936E-16    8.87995525024775705381E-16   -1.91301180439620282460E-16    1.02699522211108318359E+00
   -1.64095495472198287647E-17   -8.06598782614161242535E-16   -1.33042061512791322330E-16   -9.65738100621694073311E-01
   -1.45887826658733146686E-14   -7.18887236772179649667E-15    7.25956607886013349784E-01    2.47457503849592099353E-16
   -4.94533149591859062149E-15    1.78973642691418938819E-14   -1.77609426089322575137E+00   -3.16988292149120794248E-16
    3.46320764045323858937E-01   -7.22883512106144432430E-01   -7.13696258764862123689E-15    8.52437311274781073455E-16
   -7.98153055189376875456E-02    1.24493789754938877223E+00    4.69354341093926760767E-16   -1.25225996809111730548E-15
    2.21356658725354064551E-03    7.02034147541297920414E-03    5.37359284164131859115E-17    1.52302495545516549795E-17
   -8.74732040307772252047E-17    2.12979598707476018949E-16    3.31755406483435902712E-16   -3.01301697347459815776E-16
   -7.19939552639246351114E-17   -1.90089700165603231088E-16   -8.80521934740686689331E-18    4.32775293428286876585E-03
    5.09945400220171915495E-02    6.83437542283429726175E-03    6.55825338010931305219E-16   -1.12978738658507650590E-17
    6.06184384305296980709E-15    1.87962193031166554239E-15   -2.91746250608112440983E-02   -7.38315348669789987759E-17
   -7.94971530225253020241E-01   -5.23111035382786138115E-01   -3.42605468765451393054E-01    6.04589574041639812552E-16
    6.06024953496831164657E-01   -1.07061701326800998157E-01   -8.95259945198159434732E-01   -4.53776242126448697079E-17
    4.23919131495781746039E-16   -4.94633301678640894894E-16   -3.78213882390336873571E-16   -9.56405512851535473395E-03
    2.71797229595558853532E-01   -3.88758605384168440255E-02   -2.81861253674452583162E-01   -1.18802964114032744397E-16
   -4.27931499865008072025E-02    2.56215330319674972070E-01    1.56319283923268298464E-01   -4.86774712721817292282E-16
   -7.94971530225174527473E-01   -5.23111035382790579007E-01    3.42605468765452669810E-01    2.44446586894706910386E-16
    6.06024953496739682279E-01   -1.07061701326822633629E-01    8.95259945198172757408E-01    1.02193478137460526306E-15
    1.81520988747361687936E-16    2.26631745485325301678E-16    1.28323216604496139612E-15   -9.56405512852231270982E-03
   -2.71797229595555134285E-01    3.88758605384273009387E-02   -2.81861253674465073171E-01   -1.98122364012113404071E-16
   -4.27931499864857914361E-02    2.56215330319681133808E-01   -1.56319283923265162084E-01   -6.03474488344392180074E-16
    2.15669226487267329251E-01    9.64296032502122859119E-16    5.02521185231918807639E-16    7.26796943549601670576E-01
    5.60094362323772632095E-01    1.54291676649066787790E-15    1.22685525516725473044E-15    1.58315191960596113319E+00
   -5.39767161266580419721E-01   -5.72671666053171976886E-15   -2.61240606600114663070E-15   -3.04118681941422108750E+00
   -5.11706694920719666189E-16    5.55636769544338678684E-15    1.59891738347925360664E-02   -4.19499908049886025028E-16
    4.52184719930665951647E-17    2.99011734913315451987E-15    6.39777315176131344820E-01   -7.38076996286887730640E-17
    2.04939434002757854281E-15   -8.32292849844411031723E-16    5.18636856054574261826E-16   -1.37430798180069327608E-14
    7.76799479354067374515E-15    2.56393145973431595226E-15   -3.68562789391275589002E-16    6.04156669523535211441E-14
   -1.46852658593210810833E-01    5.01210515237475550505E-16    2.36682524654100833505E-16   -7.45219775316181137770E-02
    7.66403811272941326571E-01   -5.07744599261583794460E-15   -5.55037107476256934010E-16   -9.95028728483742574973E-01
   -3.77789550002796195582E-02    1.69265934780393898178E-16    8.46197792045026644664E-17    3.53773373946504807175E-02
    3.50331045532503025796E-16    1.37717645687546741406E-01   -2.01483618723308192563E-15   -1.34244291721614974699E-16
   -4.21525128525662165664E-17   -1.22718787220745854292E-15   -1.68278545633370330004E-01    1.93475803425031073768E-16
   -7.62549024356643651013E-03   -8.45395019940321884099E-17   -2.01007279391643789841E-16   -5.43499270603314890704E-02
    1.21063667666257158389E-15    5.99941178494393242230E-17    3.35649162129357395574E-17    1.87602428963168131596E-15
   -3.57779959519606782781E-01    2.77793545325670374321E-15   -4.41912977419457077250E-17    8.15934976492689867378E-01
    2.32923093603142672414E-01    3.40195209703160319490E-15    8.79818353689069435783E-16    4.06697392688619319134E-01
   -1.39082828892942530223E-15   -6.83257986528317151631E-01   -7.63434305533523871468E-01    2.37997855456271777012E-15
   -3.21148405334569841951E-01    2.49225385365812108999E-15    9.24600461482454886220E-18    3.63528938038134408206E-01
   -5.27156849735399335444E-01    5.03423658888051186686E-16   -1.19161009826694322588E-15    3.50772173763264152879E-02
   -3.57779959519608725671E-01    3.47564888149203592533E-15    2.68761396933294402837E-16    8.15934976492662444869E-01
    2.32923093603125880291E-01   -2.58203666253253208563E-15    6.01845523797789612777E-16    4.06697392688570358299E-01
    2.51180355469554037842E-15    6.83257986528298499884E-01   -7.63434305533540857880E-01   -8.68971456402738589472E-16
    3.21148405334571673819E-01   -1.42074886224577465391E-15   -3.58175191841591309021E-16   -3.63528938038182203307E-01
   -5.27156849735387234013E-01    1.95462238937209093888E-15   -2.36345144068546368749E-17    3.50772173763910441457E-02
    3.61715180009168110640E-14   -6.32991810424259380270E-15    2.60134752517121703441E-01   -7.83564141962757077814E-17
    8.00034939187439713004E-14   -1.87072753017202514275E-14    6.93855372642405598960E-01   -2.89810684859703646531E-16
   -1.41778911097820598180E-13   -4.93241881784564627293E-14    8.66383061879382299075E-01   -6.92735185677678327275E-16
    1.64270375882256501065E-16    9.73293007271749270437E-17   -4.89976301743543049268E-17    1.16755612060353286541E-02
    2.39789768845118717706E-16   -2.40387076757396844086E-16    3.45749724958067504725E-16   -3.14596377806962423929E-01
    1.66296872218300202662E-02    8.02076339188800280233E-01    3.34308178300963691849E-14   -4.10659480602138067479E-16
   -9.20453888769558692395E-01    1.56879656982044285440E-01    3.88807777502115751488E-15   -1.07824563193057630175E-16
   -1.75819912125658093748E-16   -2.28059179017999526105E-14    6.45250265646403198261E-01    3.10346628007279539278E-16
   -4.32688005650698225075E-14   -1.79526217385746923366E-14    2.16186529349355616159E-01   -2.31662306470306644784E-16
    1.24928077118893971832E-15    1.91834628700770462701E-15   -1.33479274824696483165E-02    1.02341926222001009924E-15
    3.90520983196308247109E-16   -5.44914813495214872891E-17   -3.66478500176482497419E-16   -1.27845506117341984183E-14
   -3.06215175848954953508E-16    1.04182214539713883451E-17    1.14707983815541633086E-16   -1.04087644374010368509E+00
   -3.48939770082728186391E-15   -4.94440137601530282334E-15    1.09661992159008209180E-01    8.83248370017869674134E-16
    3.31050907613811354335E-02   -1.52368780024815853036E-01   -8.13194337646803261891E-15   -9.13542223954756385541E-16
   -3.91336138094544039312E-01    2.51516177976889243606E-01   -4.76862494370056011483E-01    6.01789969064419711184E-16
   -1.01954954877479159192E-01    3.64235287112106898011E-01   -1.78966855973676647329E-01   -5.42325566349861101770E-16
   -3.99537017394611905003E-16    5.19551609820904649944E-16   -8.44423022499872373322E-16    4.01776875857638549050E-01
    4.64514023925372998569E-01    7.24985335049455503764E-01   -7.58695147987707763093E-01   -1.23304948937818402249E-15
    6.96091967159353508521E-01   -5.51681771132129905588E-01    5.37595429959922155305E-01   -1.26295329934461489181E-15
    3.91336138094609542470E-01   -2.51516177976841615038E-01   -4.76862494370075218342E-01    1.30625448737309008503E-15
    1.01954954877520834189E-01   -3.64235287112089911599E-01   -1.78966855973702487770E-01    4.56859987627738786781E-17
   -4.75099504969214465981E-16   -1.69988007271461662101E-16    3.22466022869252051865E-16    4.01776875857649318213E-01
    4.64514023925346963839E-01    7.24985335049390777762E-01    7.58695147987760498687E-01    4.27516058568593644966E-17
   -6.96091967159349400696E-01    5.51681771132090159604E-01    5.37595429959967563427E-01   -1.64109903268719113135E-15
   -5.82220622588005133881E-16    8.41746921383018376073E-02    1.55329385607449271811E-01   -5.84911477588446535300E-15
   -1.00795209361024851559E-15    1.60820756539449244427E-01    2.06553051482094934821E-01   -8.98938811659097966769E-15
    5.60273858567752133423E-15   -4.91284421465685572361E-01   -2.30017636673135816849E+00    6.84291550461781873482E-14
   -6.51877734261096243603E-16    2.53884519029997028103E-16    8.95233261110340258973E-18    1.16816903955596807729E-16
   -2.87357684563975300163E-15   -1.20624821527881988284E-15    7.30709908405373700716E-16   -5.82649672942393463043E-16
    2.01625191286327821338E-16    1.75358860790212699110E-15    8.98557782400788904381E-15    4.63419706608102166534E-01
    3.76781935568817550633E-16    1.62991924363309614379E-15    3.06646163443465770178E-14    1.17251853143028483828E+00
    9.44031267323145517278E-16    3.09763438704793205025E-04   -3.95394729595036187320E-01    1.32314850361157909674E-14
    3.96392870503759705085E-15   -5.20576454659505860612E-01   -9.44853416454466965568E-01    2.44334791373933303704E-14
    1.97029962294149444357E-15   -3.10735523502305266419E-01   -4.81213825085971130813E-02    4.11577152603113679583E-16
    1.06445265325848770210E+00    6.89608888505106829997E-15    9.91239109986162071148E-16   -1.95924854324820977097E-16
   -1.29888974268797377717E-14   -3.83174001100103235907E-15    1.04131253726827081756E-15   -8.75602652441235665162E-16
    2.60160879169467429159E-16   -1.03318777319616847410E-01    5.76716807614931825654E-01   -1.51905156544342973559E-14
    1.50652762516315480722E-16   -3.48390424359346386111E-15    3.28514601449436515968E-14    1.32257110469886240978E+00
   -2.37438297352985672474E-15    2.68174067217512468453E-01    1.23724046441956980757E+00    1.08892686345502731626E+00
   -1.40245339321342166480E-15    3.30115122848457509530E-02    2.03117391669476315963E-01    3.06734205912545965234E-01
    3.73653668899861124419E-01    3.80513384816886891326E-15   -1.57061370265918879750E-16    5.51141313684300486930E-16
   -3.24394014413772847377E-15    3.37141785032199714500E-01    6.34740702429468228729E-01    6.17974932727635373197E-01
   -2.08931330996019902781E-15    3.40822759827738352989E-01   -4.89478405137899086341E-01   -5.05437574551339197093E-01
   -3.34799931713274195558E-15    2.68174067217514966455E-01    1.23724046441952117981E+00   -1.08892686345509570600E+00
    1.86827782717361181360E-16    3.30115122848370357023E-02    2.03117391669450142455E-01   -3.06734205912559898533E-01
   -3.73653668899851576501E-01   -1.29742359680456688066E-15   -1.49593938465913312356E-15    5.89553458427097097602E-16
    2.92772327624589572940E-15   -3.37141785032197660588E-01   -6.34740702429434255905E-01    6.17974932727669235000E-01
   -1.34697751895023764989E-15    3.40822759827743793082E-01   -4.89478405137876437792E-01    5.05437574551367063691E-01
