    1.00089393528223857821E+00    8.10701628440224815464E-03    1.83115450449368931265E-16    2.16901777318868503250E-03
    1.15888212438508965245E-03   -4.43197705876305858563E-01   -1.05866819705763405232E-15   -1.50183934693908893721E-01
   -2.68281481755853383822E-03   -3.77631616783093149170E-01   -3.82589764052414338092E-15   -3.48910613565504457156E-01
   -8.01931979713909520280E-17   -4.66376708358056959745E-17   -5.30887534517558872382E-17   -3.05172173990877385596E-16
   -2.73019452765561639144E-16   -6.42297999009741766267E-17   -2.21420577180358295646E-16   -2.33591375924853636781E-16
   -7.88446942789687356386E-16   -3.44134989900338342222E-16    4.89610748714990884345E-01   -3.89898218443136825684E-15
   -9.45091868237006389854E-17   -1.80133166270554414026E-15    2.22698800696125742693E-01   -3.37305642425490931892E-15
    1.75453121779843351433E-03   -7.83216969178056193757E-02    2.33949068875656071184E-15    5.45211079134220399922E-01
   -4.92533601302919100094E-04    1.26756705605515704316E-02    8.80083310440971067099E-16    3.65594857079719448567E-01
    2.84103493427546048881E-06   -3.57673783579955291163E-04    5.53768656755670286553E-17    5.15016385793964914797E-03
    4.33808414096644655800E-17   -9.63652924626565215466E-18    3.48367680650503388360E-18    1.71942369419449089272E-17
   -3.55193475364384922057E-17    1.71200423638865681247E-17   -3.91107271364262984047E-17   -5.21558447649638165643E-18
   -6.61555625737795188019E-05    1.49385992166118828327E-03    5.34731851867339051855E-17   -2.29614406958041604445E-03
   -8.95933520791951763971E-16   -5.07479689858591921237E-16    2.67018367229913018701E-02   -4.42054620567287291955E-16
   -2.26175127561365423663E-04   -1.92471479144273843742E-01   -3.27425037310283939540E-01    2.06437111372261283826E-01
    4.22012294500075189202E-04   -1.01610824539841802100E-02   -9.03118920454403645293E-02    4.08955224219414992248E-02
    3.29446059230767954179E-16    2.84553183127795097242E-17    2.55623030214793361677E-16    2.92033891459183539305E-17
   -5.63072101987663505007E-04   -3.71522933114391898379E-02   -2.33348825515532730390E-02    3.17460583114586025744E-02
    4.76291093917871036136E-04    2.04139253538163575885E-02    3.26279526728322638585E-02    7.44731303766320643089E-03
   -2.26175127559907253056E-04   -1.92471479144276785833E-01    3.27425037310290878434E-01    2.06437111372258896846E-01
    4.22012294499349966369E-04   -1.01610824539772257036E-02    9.03118920454388657282E-02    4.08955224219487920023E-02
    2.82606700237962134003E-16    1.25650565993696357676E-17   -5.89194190072870434593E-17   -1.83173143324884783416E-16
    5.63072101987063399105E-04    3.71522933114377534869E-02   -2.33348825515537795783E-02   -3.17460583114595254473E-02
    4.76291093917133507608E-04    2.04139253538160939105E-02   -3.26279526728327357032E-02    7.44731303766248565329E-03
    5.91291313190989102187E-17    5.20406369192710147042E-02   -1.79934762052829105235E-15   -5.14764989782346803189E-15
   -5.79937485830830940090E-17   -7.26484812827757481246E-02    5.09742719948968528164E-15   -7.30905460235527269312E-15
   -5.98345665371732598797E-16   -1.00006970165772246517E+00    4.44307626800967030075E-14    3.08747074554630337382E-14
    6.31266665977979313240E-01   -2.42618121438684759706E-16    2.85577176315705076358E-16   -5.17804456367976257678E-16
    4.95775686662516867909E-01   -1.45010357004471079618E-16    3.14815127619335520641E-16    1.05555660106758514428E-15
   -9.58866381394217750861E-17    1.40822901623366228396E-14    2.83977789502518562781E-01    2.68748876350796306323E-01
   -1.58887116623975936048E-16    3.29623568529265627481E-14    6.70911588589028440310E-01    4.56230006513872021756E-01
    2.57211114253468916305E-16   -1.91496901913080441737E-01    1.23730366797653243282E-14    3.40612102842647416903E-15
    4.96217852331591727879E-17   -3.38141763204773238005E-01    1.45110827194989347032E-14    2.48169112702957827605E-14
   -4.48209661713577372956E-18   -2.17396905289485124768E-03    1.73436051438979109293E-16    7.43423897869487653957E-17
   -1.02594831446072831916E-16    4.30156234019469262299E-17    1.16061149231327668976E-16   -5.53411724821010000814E-17
    1.81679409641737621417E-02   -1.40950069234892118090E-17    8.20052960384967153187E-18    9.82768781733722595079E-17
    2.17492652859406298654E-17    4.92191426639881478983E-03    2.98309209322311984229E-16    4.35789856303315611508E-16
   -2.39673351984636358697E-17    1.43014323266341077419E-15    2.10568911933787725199E-02   -1.11482984467210777257E-01
   -7.57885278019708528394E-17    5.95169483138974705905E-02    2.65714072793639191628E-02    9.43977429256347755349E-01
    8.64369295275944713644E-17    8.28139468097133013558E-01    1.43928152087170468931E+00   -6.90340747878518179448E-01
    3.09694825126258371784E-02    4.55494705560590034896E-17   -2.20844003825636574410E-16   -4.17267894887916678765E-16
   -5.65149162075189725965E-17    1.73193275132256623017E-02    2.06452376680293855915E-02   -7.32591059251420095855E-02
    2.88732725066578972818E-17   -1.62053294561432907617E-02   -1.69047676741605860939E-02    1.52101102080090117008E-01
    4.11480332547238442498E-16    5.95169483139083022039E-02   -2.65714072793690539442E-02   -9.43977429256425359938E-01
    4.76972719409616736441E-16    8.28139468096966813171E-01   -1.43928152087178795604E+00    6.90340747878547045246E-01
    3.09694825126256012560E-02    2.56990254471939285187E-16   -5.41254166842826612036E-16   -8.26317349596273875353E-16
   -7.12384934530888036306E-17   -1.73193275132205691536E-02    2.06452376680256004249E-02   -7.32591059251394421947E-02
   -5.71463327015514555547E-17   -1.62053294561395021256E-02    1.69047676741598609795E-02   -1.52101102080088562696E-01
    6.57583848684665933648E-02    3.13462140383684740447E-03    3.90493085010462995640E-18    5.37542643668881306218E-16
    2.56456785447464086225E-01    1.14514107618751706519E-01   -1.00693316604733808051E-15    4.40001559948212924220E-16
   -3.19775899660816542713E-01    7.42015621155196147818E-01   -7.13490487765713117640E-15   -1.89637974123684585220E-14
    1.94881170554831546904E-16    8.99281316124289108879E-15    9.67844388334932914653E-01    1.73132761384934944605E-15
   -7.58861004390986769855E-17   -9.40526042008725830556E-15   -1.02298239234917098806E+00   -1.14043921650098871106E-15
   -9.10154411009728077678E-15    1.23692371161673716843E-14   -9.95172690672780482589E-16    7.35211447483893110189E-01
   -1.23475773468389632066E-15   -3.60599474589030035354E-14    3.39708522539251176324E-15   -1.76129410600555935673E+00
    3.28988737260085040148E-01   -7.55290125021647829051E-01    7.12924625827596215657E-15    1.62846286037568466896E-14
   -7.50246876587623134219E-03    1.27496361384536549544E+00   -1.20027690328906996986E-14   -2.06879937259917674269E-14
   -2.45029451472059459343E-04    3.77659007528165484996E-03   -7.03738765517240359783E-18   -2.41118986306834663720E-16
   -1.20146287272361285723E-16    2.36263427000999813718E-16   -1.78718270867786051962E-17    1.54304072987293205063E-16
   -9.23287767316244065365E-17   -2.32328126699333704960E-16    3.33207301531241980100E-03   -5.90504285492883841842E-17
    5.33281575805877247620E-02    3.40133658752690085786E-03   -1.94825230980772525725E-17    3.61927720565755325600E-16
    3.53865671611349412494E-15    3.79794329963267642425E-16   -4.23197719977672741728E-17   -4.37836353695178343015E-02
   -7.89990758120060365677E-01   -5.41943928853583445360E-01    6.65448614769139351904E-15   -3.77853819526738521350E-01
    5.49513166002542630117E-01   -1.13073415208312141877E-01    1.65332386845444350598E-15   -8.21164003136205633560E-01
    5.36450474348369814448E-16    5.14861463245622237224E-16   -1.08460822969054949266E-02   -7.17192606740335772023E-16
    2.93839349303200103591E-01   -8.36087246329475231033E-02    9.99368901789250431996E-16   -3.03236119137676007895E-01
   -5.88372566168170879619E-02    2.52579875075787496641E-01   -2.70326195878917080231E-15    1.85329504338083816961E-01
   -7.89990758120021285826E-01   -5.41943928853554357516E-01    3.65308170745686023285E-15    3.77853819526746459445E-01
    5.49513166002507436048E-01   -1.13073415208291838674E-01    5.91889685266736154568E-16    8.21164003136220066459E-01
   -5.02107483468833947273E-16   -7.56046184970398019533E-16   -1.08460822969086920220E-02   -8.61902452491612747329E-16
   -2.93839349303190333629E-01    8.36087246329322714145E-02   -3.16847165886257398895E-16   -3.03236119137679560609E-01
   -5.88372566168041399859E-02    2.52579875075786886018E-01   -2.02213226400956893298E-15   -1.85329504338105327532E-01
    2.02243804959049033876E-01   -1.34686311852674466179E-15    1.10948268022830260319E-15    7.25583472702576837143E-01
    5.29767557377645692540E-01   -3.62680696094090281499E-15    2.65802360186781031317E-15    1.59580239742716378792E+00
   -5.03914100862861369379E-01    2.17627631452673454282E-15   -4.92860747602159527675E-15   -3.02770692616998271518E+00
   -4.39988272333031208927E-17    2.75026275965914833031E-15    1.50658926287323673837E-02    2.60240983346808437051E-17
   -2.51078889746869802108E-16    1.92553760616140220703E-15    6.35326725446879292392E-01   -1.20112413929248162433E-15
   -4.23802913888034853303E-15    5.43168306862970357260E-17   -5.47540810774294461314E-16    1.54630555900821062818E-14
    1.41460768762814211905E-14   -2.79556349585686769011E-16    2.37082611589897821570E-15   -9.26386371839224998434E-14
   -1.35276157163088356361E-01   -8.64435729602687005828E-17   -3.61230610020431688016E-17   -1.05241466593995969259E-01
    7.41767610921556186376E-01   -5.03099828532775614385E-15   -1.28082066895898113826E-15   -9.67578890557014958951E-01
   -3.40457408034565076060E-02    2.52974370388791427111E-16    1.78886160641335445564E-16    3.30136596139027557739E-02
    7.44152931527673356377E-16    1.31661980405621936718E-01   -1.24684572033395018114E-15   -1.50536915079232291980E-16
   -4.12832519174422411807E-17   -1.40296018244199682250E-15   -1.60988451383910852188E-01    5.17483177150033790221E-16
   -2.76744350046102859444E-03    1.43700188589686738770E-16   -2.74093672338793377062E-16   -5.41267646757452522421E-02
    1.70880818965738472581E-16   -1.61182451724136899798E-16    4.24173370544687237169E-16    1.74652730947753376795E-15
   -3.33864688536266163155E-01    2.09465522763632115273E-15    1.06517114317471322737E-15    8.24592784012642687763E-01
    2.08490842923463565173E-01   -3.38295901067253955049E-16    2.45526633300720997908E-15    3.87117295254918503122E-01
   -4.78048697821922564317E-15   -6.85371869797137045488E-01   -7.66529387207682377792E-01    1.68310630843691266708E-15
   -3.31163552837724806110E-01    3.75136527757988214410E-15    6.28991035094637771255E-16    3.72657019222252194890E-01
   -5.43707474151580494315E-01    4.11029392163108594615E-15   -1.74177571641895355132E-15    2.32599520733778285242E-02
   -3.33864688536269604846E-01    2.96240738834141642403E-15    6.18103866970867721262E-16    8.24592784012699087093E-01
    2.08490842923442804002E-01   -1.95309264188588546030E-15   -5.41185349956502676274E-16    3.87117295254941984339E-01
    5.46223227902894614346E-15    6.85371869797126165302E-01   -7.66529387207693369000E-01    1.22862619712970425634E-15
    3.31163552837734409540E-01   -3.40847577141451210189E-15    1.56899617559167689180E-16   -3.72657019222130792002E-01
   -5.43707474151574166044E-01    2.96506448194961577574E-15    1.40315378875399069001E-15    2.32599520732395502465E-02
   -8.05698176278933506947E-14   -2.99193713335427852023E-14    2.72539787017189283347E-01    1.84011817863816190116E-16
   -1.77590459864831949461E-13   -7.54974951169064187521E-14    7.18227807960871822424E-01    2.22395096119176609325E-16
    3.24047432611601285400E-13   -1.95128831115277588051E-14    7.98435746298611359606E-01   -2.07443149255081624385E-15
    3.15422290154936016675E-16    4.41956082959028733606E-17   -1.26404762156407144474E-16    1.27208890560732198333E-02
    3.62013599063403228344E-16   -2.43965826894303683004E-16    2.94383173472846326510E-16   -3.09805397684650596357E-01
    1.24719012759015694669E-02    8.36003709425531482680E-01    6.32212303159906053317E-14    6.59293510473211717759E-17
   -9.01246131439104147809E-01    1.52700247641607111948E-01    1.70368783785689987795E-15   -4.93587428865904147029E-16
    5.11597098428366065869E-15   -4.78023852542624933269E-14    6.67504359750390685591E-01    2.95490801579682720702E-16
    1.05509877558147943757E-13   -5.22067843867758251724E-15    1.81997808457919352243E-01   -1.00673239178428035987E-15
   -4.12783749707844584191E-15    2.37353554424046788074E-16   -1.52695723069023441693E-02    7.89379016004561410394E-16
    2.77594924632174858745E-16    1.76340598592106790486E-16   -1.77362486173597596359E-16   -2.48739428217146703650E-14
   -5.14958396202499709651E-16    4.21023147631832621307E-16    1.90501555121065748788E-16   -1.04202567439661608617E+00
    6.94989309699904694401E-15   -5.18101232653946020896E-15    1.07894894867091611923E-01    9.24876464037073581754E-16
    2.91316764835337707606E-02   -1.37207934931782266075E-01   -8.75847942439344838629E-15   -1.46128666049232526696E-15
   -3.87247343062999127561E-01    2.91176626428786555767E-01   -4.76719330910375771460E-01    1.24819743523103163948E-15
   -9.15433431812787551385E-02    3.30357535202522201168E-01   -1.60074968387618532528E-01   -6.53281841808618637687E-16
   -2.12103973069075564609E-16    3.88011249162503788370E-16   -1.15906325888967901418E-15    3.96375608377559141005E-01
    4.69502795290585195342E-01    7.23014031728027806167E-01   -7.44563346624303012966E-01   -8.31995057543499084818E-16
    6.93165361313309524860E-01   -5.53844663145312221531E-01    5.36441661920775580974E-01   -1.35630688722610267441E-15
    3.87247343062828597304E-01   -2.91176626428725771056E-01   -4.76719330910410576951E-01    2.00812857217184610479E-15
    9.15433431811929765320E-02   -3.30357535202514984718E-01   -1.60074968387664551273E-01    3.01777398252062536011E-16
   -1.43655727403969113660E-15    1.05336970746333344899E-16    9.72434547603198267098E-16    3.96375608377576627017E-01
    4.69502795290654251215E-01    7.23014031727924888493E-01    7.44563346624412258912E-01   -4.48914729506598632116E-16
   -6.93165361313320183001E-01    5.53844663145237170454E-01    5.36441661920847412404E-01   -1.40286764220334322221E-15
   -3.84125986588430819172E-16    8.40779487576334694232E-02    1.46849757141596093390E-01   -5.58490529572320275551E-15
   -4.21471992249266141996E-16    1.54094158131917541299E-01    1.84183378078399240252E-01   -9.43788745087138253687E-15
    5.14163792469116967541E-15   -5.53629570505634105437E-01   -2.26036893464316612778E+00    5.60944228670591939465E-14
   -3.06600493652423972611E-16    2.63436006592894491497E-16   -2.71854454203405595604E-17    1.10428696195195776746E-16
   -6.84112022990608470848E-15   -7.14178355023936111789E-16    9.54377864171043985826E-16   -7.57665563944922356212E-16
    3.27460323666339566530E-18    1.12180670092546359230E-15    3.56949541705419631981E-15    4.63194839858115769982E-01
    1.52387016876084725036E-15    4.07268269851244425336E-15    2.53461811974550402414E-14    1.14089744688023131403E+00
    1.27262816759378379577E-15   -1.73730215505160691392E-02   -4.00248030217712769119E-01    8.98790978080769159106E-15
    3.71963981639593420373E-15   -5.34708768041248672098E-01   -9.19900160757141649448E-01    2.22044780128743845288E-14
    1.68994211629049441718E-15   -3.12636832015083854230E-01   -3.93822828628525023476E-02    1.02246065422226177058E-15
    1.06521862726786009645E+00    6.07125976144623291175E-15    1.17285030070436114480E-15   -5.60542490069465788111E-16
   -2.46216423764457976800E-14   -3.02363851983535233626E-15    1.37279587958082760977E-15   -1.17439581293559467135E-15
   -1.48624771262985824846E-16   -8.81914989942730737082E-02    5.79498997634515955468E-01   -1.18134146966329581938E-14
    5.88153247971873232440E-16    1.18377755044967233728E-15    2.48697474134230776465E-14    1.32427770172247982750E+00
   -2.07775714425166385005E-15    3.03468124069504630036E-01    1.22976482052951952006E+00    1.07793322496658583454E+00
   -9.53377955754546536528E-16    3.75170476948289699504E-02    1.91624134065646878344E-01    2.87736739453565926183E-01
    3.69762005251799308336E-01    2.63899564347994676430E-15   -2.70635886608977906511E-16    4.59352140830981313638E-16
   -3.10549691378186804630E-15    3.51228652570843624670E-01    6.19786677859948564873E-01    6.03869513072401886689E-01
   -1.97647843159139396178E-15    3.14083840586143692164E-01   -4.91304901111691727511E-01   -4.92659840190769804380E-01
   -4.16903406010939753560E-15    3.03468124069499411988E-01    1.22976482052947533319E+00   -1.07793322496664267796E+00
    1.90034961325582511272E-16    3.75170476948261666372E-02    1.91624134065638246360E-01   -2.87736739453575807168E-01
   -3.69762005251780490056E-01   -1.57653640198551086596E-15   -2.02270140459037653516E-15    1.20325648268972281724E-15
    2.92682689708876763754E-15   -3.51228652570845401026E-01   -6.19786677859935020152E-01    6.03869513072429198175E-01
   -6.11294130977137711566E-16    3.14083840586147855500E-01   -4.91304901111674907632E-01    4.92659840190787734482E-01
