    1.00136233139439845274E+00    1.48632692839974836496E-02    3.26054529859328444127E-12    5.57155999562893001174E-04
    2.32855178448601986621E-03   -4.05337265910179878059E-01   -2.92876387973894422110E-10    1.35227482352603400884E-01
   -3.49385623405350839027E-03   -2.90610991136283136616E-01   -7.59657221137089478534E-10    2.85136411959205748889E-01
    3.23347618604720375891E-12   -2.83358447768668266073E-10    4.47469854268016942189E-01    2.49671730230760054601E-10
    1.08033555200179573737E-12    6.34172403266767806047E-11    2.13349067424183053143E-01    2.01239775316076440112E-10
   -1.91447629614804469729E-03    6.77616086485402224771E-02   -3.26812081861554503156E-10    5.46098502620882997327E-01
    6.09132317158527273292E-04   -6.22943792488616678027E-03   -1.14501675446631101641E-10    4.69089744695084187587E-01
    2.98979855010354547934E-05    1.44288778979418443613E-04   -3.94262728188270704377E-03    2.71902551355658779475E-03
   -1.82128538053013493122E-12    1.81382196099763810140E-11   -2.43015036646808367526E-02    1.13840072829331525258E-11
    8.96939570668664693312E-05    4.32866320746297481448E-04    3.94262727758788126403E-03    8.15707654850606790620E-03
   -3.41565953849395410619E-04   -1.93271870889844266106E-01    3.72613777858560535350E-01   -9.11204408958678491182E-02
    5.00522568896791535294E-04   -1.93988455573246565411E-02    1.35846731808991316726E-01   -3.37490643628197903303E-02
    7.23699482080606619309E-04    3.51885271704209662280E-02   -2.68474128457460679831E-02    1.25831582772174700030E-02
   -3.03312258399438753730E-04   -7.19549617522276425963E-03    1.47439103923866204199E-02    1.85890334984274499530E-02
   -3.41565949577643296255E-04   -1.93271870331552603206E-01   -1.86306888849583657253E-01   -9.11204411764869326440E-02
    5.00522568586994967554E-04   -1.93988455161073630739E-02   -6.79233660031380859223E-02   -3.37490646502080146596E-02
   -3.61849739676649111413E-04   -1.75942635602166080888E-02    7.87506916987004007558E-03   -6.29157913807337418333E-03
   -3.03312257661736319869E-04   -7.19549614089080771112E-03   -7.37195520484145404294E-03    1.85890334687153664650E-02
    6.26742134248710358081E-04    3.04741584281362949682E-02    2.00470343358894673158E-02    1.08973347432109804456E-02
    7.08422726460861407194E-02   -6.95414671383025304921E-11   -4.23662615465351732059E-10    1.11739654072553790121E-01
   -8.06865616539796243201E-02   -4.03684180406368920767E-11   -1.47898526560984550103E-09    4.04111058601923256450E-01
   -1.46999123632675066098E+00    2.18501147156108029364E-09    2.53628622603656377867E-09   -5.62561475648699738095E-01
    3.48473124386483914321E-10    2.92474602103341807524E-01    1.09360341671956337595E-01   -1.71098606070354159346E-10
    6.40012866522011384925E-10    9.00987476403524500945E-01    6.58814489450042173324E-01    4.54656007898481778633E-09
    1.35187530462644950324E-01   -5.21709192529963761208E-11    8.97617156529882424390E-10   -3.14724766383447096540E-01
    3.15357139328911573184E-01   -2.99083490334754773458E-10   -5.21027638522346413329E-10    1.95298342418114029284E-01
   -1.15062477651622029583E-03   -4.39366557816614749371E-03    3.08426154390792212068E-02   -2.03812978706759892478E-02
    2.97121838049298677041E-11   -2.81284624161923374475E-02    7.96679528479994902845E-02    6.24742196926667958027E-10
   -3.45187432492128146166E-03    4.39366561015861779860E-03   -3.08426151532642245368E-02   -6.11438940040679307364E-02
    4.76121057054031682210E-02   -2.58877758774789488994E-02   -1.01161735125906826482E+00   -5.92477351967304777247E-01
    7.37323496552819479533E-01   -1.77281331070214243084E+00    5.52525888056405567461E-01    4.46832956329518415917E-01
   -2.09386090503941267593E-02    3.58934652460447742306E-02   -9.73163405947261167528E-02   -2.46794436874860634301E-01
    7.75688704381580999142E-03   -1.29358470429951546293E-02    6.65210231653434319599E-02   -1.42590201574276150692E-02
    4.76121059317005934641E-02    1.29438880566693538532E-02    5.05808679676195360742E-01   -5.92477345889621198616E-01
    7.37323497755463019843E-01    8.86406654105009295108E-01   -2.76262947395802316297E-01    4.46832955530877207195E-01
    1.04693045313271303198E-02    4.49307533621397248158E-03    6.55976514980329827864E-02    1.23397218421312598879E-01
    7.75688702251607631322E-03    6.46792349527462121644E-03   -3.32605114296139967034E-02   -1.42590207947048113607E-02
   -1.81333673489661138800E-02   -1.81290234404722118422E-02    9.40584383054924033640E-02   -2.13730251076917648900E-01
    3.72305046796695682243E-02    3.27770289006008460495E-11   -1.24494661974498762571E-09    6.34112765162807678898E-01
    1.97390029470247918564E-01    3.44947055383942907197E-10   -2.74218850420817006537E-09    1.39439798695556271824E+00
    4.63212192987106086139E-01   -2.20292396361225465920E-09    5.90775032914765491565E-09   -2.92168349255036963186E+00
   -6.75641002152522956786E-10    8.36091851576669653490E-01    2.56941103471522123980E-02   -5.55394223303816920874E-10
    3.11468203359075008077E-09   -1.79222936984134295635E+00    3.27923817897337321892E-01   -2.86641256186333761123E-10
    8.98754758228220596017E-01    1.15310240802461231792E-09   -1.16656463789665417789E-09    3.40848298068078953138E-02
   -1.20345599568683780944E+00   -7.38034260969654757018E-10   -1.90125925806368683926E-10    1.63768135503089440341E-01
   -3.75636567630146904484E-03    2.82869655614630885476E-02   -3.31832205290862394809E-02    2.16990855956143251226E-02
   -6.33543317422087382629E-12    8.82175875303390782944E-02    2.24626705283544392255E-01    2.99914465051837535337E-10
   -1.12690968950891184236E-02   -2.82869656794887715245E-02    3.31832204719527540382E-02    6.50972569759274422019E-02
   -3.54342111897993472525E-01    1.54525163859568798186E-01   -1.71490354271794598340E-01    3.46738603101441833498E-01
   -3.33590635068637120231E-02    1.21770708991646103847E+00   -3.97797953766988870994E-02    4.38545844986348243300E-01
    4.52342248625048071187E-02   -3.37110887086178367955E-01    1.76653325546315020933E-01   -9.45282012720979614162E-02
   -2.05460919987689484556E-02    1.40075551349206184337E-01    4.78665650034657885747E-01    3.10406671957401014694E-01
   -3.54342110522600950429E-01   -7.72625821398166962028E-02    8.57451760885095115583E-02    3.46738602578835319878E-01
   -3.33590608252107498344E-02   -6.08853544116559786126E-01    1.98898963964251190850E-02    4.38545844267099860225E-01
   -2.26171121759918582195E-02   -6.37944122809652736095E-02   -2.90529844815354432175E-01    4.72641002761398226761E-02
   -2.05460925330093850671E-02   -7.00377755591103934307E-02   -2.39332825302000978818E-01    3.10406670917243610042E-01
    3.91739871657489635570E-02    1.57799339821351553015E-01   -2.69728328130576344712E-01   -8.18638245658910579383E-02
    6.09645336955363492670E-01    2.27316036120004135938E-09    1.64423122282593008338E-09    1.53304486453473387542E-01
    1.26344118659364679225E+00    4.45034397891776166382E-09    2.63920062004923918414E-09    4.42570599681391341207E-01
   -2.42614688803539246820E+00   -1.11622307060212048902E-08   -8.97428050669787819180E-09    1.08275038180879734639E+00
   -1.56595862470653515166E-09    4.43324005525567582664E-02    7.36483089076690577990E-01    1.22174278720576980993E-09
    3.16806542123687827758E-09   -1.04167844187111957588E+00   -4.86536707669676417309E-03   -2.61119620322960579653E-09
    5.36949092925087610034E-03   -7.62768059892727842680E-11    6.79758680779809582372E-10   -3.83710157461508438725E-01
    1.00592454627023819569E+00    4.71220258424045025264E-09    3.44754774996232632507E-09   -6.63483215831522143979E-01
   -3.98821869648537941089E-02    1.32766094872983145270E-02    7.10215053677366453533E-02   -9.87697660148656592094E-02
    8.76145417845473224736E-11   -1.34512613609197195785E-01    2.92205271196554761115E-01    9.83898299069843011143E-10
   -1.19646560437244656172E-01   -1.32766097675039700804E-02   -7.10215057715208458733E-02   -2.96309299001776216276E-01
    6.47346179252549003280E-01    4.54715911428867358701E-01   -2.89502653052841688042E-02   -4.11022349458194491412E-01
    2.14241257652800443090E-01    1.87318212615142948296E-01   -3.51522626797423909384E-01   -1.68890909094286001402E-01
   -8.25426031139284283045E-02    3.29998726233729777757E-01    7.49930985301614727589E-01    6.32142103547677636222E-01
   -4.65987378915858119210E-01    5.92216473181359392974E-01   -4.09374761593111313740E-01    2.92362967938801510126E-01
    6.47346180887318323194E-01   -2.27357950968419514348E-01    1.44751363535287596446E-02   -4.11022350623107601830E-01
    2.14241257144185154315E-01   -9.36591047203246679365E-02    1.75761314961242864907E-01   -1.68890909788594612007E-01
    4.12712976872852410626E-02    5.87044737253964443724E-01    1.13353285700396308466E-01   -3.16071049763114286790E-01
   -4.65987377305081607037E-01   -2.96108239499226988389E-01    2.04687379263802177176E-01    2.92362967755898761624E-01
   -7.14839896903543270401E-02    1.48405582069893654529E-01   -3.67528308957761451481E-01    5.47451120265703305989E-01
   -1.02675666368700981410E-09    1.82759583986189716454E-01    1.55983307211214304143E-09
   -2.60932894327909114253E-09    5.92923033135497656865E-01    3.37378028948416123209E-09
   -3.04191725919366348272E-09    2.26171239954428093810E+00    5.64137436943863776236E-09
    2.27434100616656469096E-02    1.43970842570232338507E-09    8.56557921325048154948E-01
    5.28691609591294242598E-01    1.18023041436383240522E-09    1.25079812171301973933E+00
    1.04575621612434722096E-09   -5.11519428062701009274E-01   -1.88005187317982723039E-09
   -6.84716965118893164959E-10   -3.71455095998909579080E-01   -1.74721173416970875679E-09
    1.98685739901553887199E-01    1.37633832912691961292E-01   -2.87457874625094811361E-01
   -8.71395821893886424192E-01   -1.74852845358546118504E-09   -9.19642170178034512595E-01
   -1.98685742044431207232E-01    4.12901493609441672117E-01    2.87457875034794696489E-01
   -1.86284275487947792449E-01   -9.39009295196351123636E-01   -1.49893308304341399406E+00
   -1.54295578290588902837E-01   -2.58314124878790352113E-01   -4.91284355437412834089E-01
    1.60584680738646373710E-01    7.18904842549159872611E-01    1.06579917397834389448E+00
    3.36508068053308906364E-01   -4.64552774184652184086E-01   -4.00945309206731881346E-01
    9.31421397972631154305E-02   -9.39009294525169235790E-01    7.49466536805610261673E-01
    7.71477899136788214385E-02   -2.58314124190213822985E-01    2.45642176932384104227E-01
   -4.58821810098902493902E-01   -3.59452422677844662946E-01    2.57206583265338184496E-01
   -1.68254030918467301081E-01   -4.64552775003107765173E-01    2.00472653772914677361E-01
   -3.57614506608017246325E-01    6.22589856002944252999E-01   -4.66841147328843630859E-01
    4.47469854083980211890E-01    2.92474602184610188438E-01    1.09360342583120162541E-01    8.36091851592910551005E-01
    2.13349067347989751475E-01    9.00987476556389776938E-01    6.58814487668435866397E-01   -1.79222937112925029268E+00
   -1.57705090592928157123E-02   -1.75746622412255235068E-02    1.23370461445752588325E-01    1.13147861784193948242E-01
   -2.43015036393408531690E-02   -2.81284624168617984619E-02    7.96679530090917131790E-02    8.82175872080535883324E-02
    1.94492298569156757404E-02   -5.97372123268441034688E-03    1.19902316212791598682E-01    2.73110793374768158481E-02
    3.22692997356872735004E-01   -2.24194716458697707040E-02   -8.76086327611554249728E-01    1.33822718508324972619E-01
    1.17646720834103366005E-01   -1.53530136068615274958E+00    4.78501458307889815380E-01    1.05456527234024588502E+00
    2.00470343387895363896E-02   -1.81290234552580128979E-02    9.40584378763397177536E-02    1.57799339707427821455E-01
    1.27686009510611965523E-02   -1.12027721098245641035E-02    5.76088960443847664106E-02    1.21308985267394059404E-01
   -1.52732522234317446425E-02    2.54266685496286684587E-02   -4.30116768124272769169E-02   -2.46005395702656115553E-01
    2.56941113545062077561E-02   -1.14234702713886735137E-09    4.43324019036794858550E-02    7.36483089254407863322E-01
    3.27923816866331874209E-01    4.17195614821219980555E-09   -1.04167844318385616198E+00   -4.86536456739540025540E-03
   -1.32732881759001497546E-01   -2.97777195221166842128E-10    5.31064384666678004909E-02    2.84086021257205556534E-01
    2.24626705027300227480E-01    1.15043315919208816282E-10   -1.34512613033919009586E-01    2.92205271183333559204E-01
   -4.46257567720326819849E-01    6.20095111652168795580E-01    6.72726741777101899800E-01   -9.88392830669696104140E-02
   -1.48515002662588407878E-01   -1.64380372030377306055E-09    3.93795528899146540791E-01   -2.50716680055428284279E-02
   -3.44503117603835867788E-02   -8.88123582873277984165E-10    1.62222329474799725757E-01   -3.04427525956518063577E-01
   -2.69728328855524002172E-01   -5.37018121688266458769E-01    1.48405580562471717254E-01   -3.67528307727440051167E-01
    4.14536612881430788224E-01   -1.77508532422627601449E-09    5.12874511721583048462E-01   -3.54528943290604803273E-01
    2.09256016373001695052E-02   -3.10047557876469037641E-01    4.15680729313038344053E-01    5.37738418807974238867E-01
    2.27434103730321697523E-02    8.56557919244693710681E-01
    5.28691610812386580953E-01    1.25079812202946305533E+00
    7.94742963068694519002E-01   -1.14983149731661615789E+00
   -8.71395821582638618885E-01   -9.19642170517748547276E-01
   -6.65290643042427576326E-01   -1.23242783340980262968E-02
   -1.61326916500881017980E-01   -1.29811412317146346318E+00
   -1.33623890913560222637E-01   -4.25464731564814679921E-01
   -3.57614505447918284986E-01   -4.66841147155558189308E-01
    2.91424533020180787091E-01   -3.47228821802056719648E-01
   -4.58841488927964058497E-02    7.96268309351180203493E-01
    1.00136233139439845274E+00    1.48632692839974836496E-02    3.26054529859328444127E-12    5.57155999562893001174E-04
    2.32855178448601986621E-03   -4.05337265910179878059E-01   -2.92876387973894422110E-10    1.35227482352603400884E-01
   -3.49385623405350839027E-03   -2.90610991136283136616E-01   -7.59657221137089478534E-10    2.85136411959205748889E-01
    3.23347618604720375891E-12   -2.83358447768668266073E-10    4.47469854268016942189E-01    2.49671730230760054601E-10
    1.08033555200179573737E-12    6.34172403266767806047E-11    2.13349067424183053143E-01    2.01239775316076440112E-10
   -1.91447629614804469729E-03    6.77616086485402224771E-02   -3.26812081861554503156E-10    5.46098502620882997327E-01
    6.09132317158527273292E-04   -6.22943792488616678027E-03   -1.14501675446631101641E-10    4.69089744695084187587E-01
    2.98979855010354547934E-05    1.44288778979418443613E-04   -3.94262728188270704377E-03    2.71902551355658779475E-03
   -1.82128538053013493122E-12    1.81382196099763810140E-11   -2.43015036646808367526E-02    1.13840072829331525258E-11
    8.96939570668664693312E-05    4.32866320746297481448E-04    3.94262727758788126403E-03    8.15707654850606790620E-03
   -3.41565953849395410619E-04   -1.93271870889844266106E-01    3.72613777858560535350E-01   -9.11204408958678491182E-02
    5.00522568896791535294E-04   -1.93988455573246565411E-02    1.35846731808991316726E-01   -3.37490643628197903303E-02
    7.23699482080606619309E-04    3.51885271704209662280E-02   -2.68474128457460679831E-02    1.25831582772174700030E-02
   -3.03312258399438753730E-04   -7.19549617522276425963E-03    1.47439103923866204199E-02    1.85890334984274499530E-02
   -3.41565949577643296255E-04   -1.93271870331552603206E-01   -1.86306888849583657253E-01   -9.11204411764869326440E-02
    5.00522568586994967554E-04   -1.93988455161073630739E-02   -6.79233660031380859223E-02   -3.37490646502080146596E-02
   -3.61849739676649111413E-04   -1.75942635602166080888E-02    7.87506916987004007558E-03   -6.29157913807337418333E-03
   -3.03312257661736319869E-04   -7.19549614089080771112E-03   -7.37195520484145404294E-03    1.85890334687153664650E-02
    6.26742134248710358081E-04    3.04741584281362949682E-02    2.00470343358894673158E-02    1.08973347432109804456E-02
    7.08422726460861407194E-02   -6.95414671383025304921E-11   -4.23662615465351732059E-10    1.11739654072553790121E-01
   -8.06865616539796243201E-02   -4.03684180406368920767E-11   -1.47898526560984550103E-09    4.04111058601923256450E-01
   -1.46999123632675066098E+00    2.18501147156108029364E-09    2.53628622603656377867E-09   -5.62561475648699738095E-01
    3.48473124386483914321E-10    2.92474602103341807524E-01    1.09360341671956337595E-01   -1.71098606070354159346E-10
    6.40012866522011384925E-10    9.00987476403524500945E-01    6.58814489450042173324E-01    4.54656007898481778633E-09
    1.35187530462644950324E-01   -5.21709192529963761208E-11    8.97617156529882424390E-10   -3.14724766383447096540E-01
    3.15357139328911573184E-01   -2.99083490334754773458E-10   -5.21027638522346413329E-10    1.95298342418114029284E-01
   -1.15062477651622029583E-03   -4.39366557816614749371E-03    3.08426154390792212068E-02   -2.03812978706759892478E-02
    2.97121838049298677041E-11   -2.81284624161923374475E-02    7.96679528479994902845E-02    6.24742196926667958027E-10
   -3.45187432492128146166E-03    4.39366561015861779860E-03   -3.08426151532642245368E-02   -6.11438940040679307364E-02
    4.76121057054031682210E-02   -2.58877758774789488994E-02   -1.01161735125906826482E+00   -5.92477351967304777247E-01
    7.37323496552819479533E-01   -1.77281331070214243084E+00    5.52525888056405567461E-01    4.46832956329518415917E-01
   -2.09386090503941267593E-02    3.58934652460447742306E-02   -9.73163405947261167528E-02   -2.46794436874860634301E-01
    7.75688704381580999142E-03   -1.29358470429951546293E-02    6.65210231653434319599E-02   -1.42590201574276150692E-02
    4.76121059317005934641E-02    1.29438880566693538532E-02    5.05808679676195360742E-01   -5.92477345889621198616E-01
    7.37323497755463019843E-01    8.86406654105009295108E-01   -2.76262947395802316297E-01    4.46832955530877207195E-01
    1.04693045313271303198E-02    4.49307533621397248158E-03    6.55976514980329827864E-02    1.23397218421312598879E-01
    7.75688702251607631322E-03    6.46792349527462121644E-03   -3.32605114296139967034E-02   -1.42590207947048113607E-02
   -1.81333673489661138800E-02   -1.81290234404722118422E-02    9.40584383054924033640E-02   -2.13730251076917648900E-01
    3.72305046796695682243E-02    3.27770289006008460495E-11   -1.24494661974498762571E-09    6.34112765162807678898E-01
    1.97390029470247918564E-01    3.44947055383942907197E-10   -2.74218850420817006537E-09    1.39439798695556271824E+00
    4.63212192987106086139E-01   -2.20292396361225465920E-09    5.90775032914765491565E-09   -2.92168349255036963186E+00
   -6.75641002152522956786E-10    8.36091851576669653490E-01    2.56941103471522123980E-02   -5.55394223303816920874E-10
    3.11468203359075008077E-09   -1.79222936984134295635E+00    3.27923817897337321892E-01   -2.86641256186333761123E-10
    8.98754758228220596017E-01    1.15310240802461231792E-09   -1.16656463789665417789E-09    3.40848298068078953138E-02
   -1.20345599568683780944E+00   -7.38034260969654757018E-10   -1.90125925806368683926E-10    1.63768135503089440341E-01
   -3.75636567630146904484E-03    2.82869655614630885476E-02   -3.31832205290862394809E-02    2.16990855956143251226E-02
   -6.33543317422087382629E-12    8.82175875303390782944E-02    2.24626705283544392255E-01    2.99914465051837535337E-10
   -1.12690968950891184236E-02   -2.82869656794887715245E-02    3.31832204719527540382E-02    6.50972569759274422019E-02
   -3.54342111897993472525E-01    1.54525163859568798186E-01   -1.71490354271794598340E-01    3.46738603101441833498E-01
   -3.33590635068637120231E-02    1.21770708991646103847E+00   -3.97797953766988870994E-02    4.38545844986348243300E-01
    4.52342248625048071187E-02   -3.37110887086178367955E-01    1.76653325546315020933E-01   -9.45282012720979614162E-02
   -2.05460919987689484556E-02    1.40075551349206184337E-01    4.78665650034657885747E-01    3.10406671957401014694E-01
   -3.54342110522600950429E-01   -7.72625821398166962028E-02    8.57451760885095115583E-02    3.46738602578835319878E-01
   -3.33590608252107498344E-02   -6.08853544116559786126E-01    1.98898963964251190850E-02    4.38545844267099860225E-01
   -2.26171121759918582195E-02   -6.37944122809652736095E-02   -2.90529844815354432175E-01    4.72641002761398226761E-02
   -2.05460925330093850671E-02   -7.00377755591103934307E-02   -2.39332825302000978818E-01    3.10406670917243610042E-01
    3.91739871657489635570E-02    1.57799339821351553015E-01   -2.69728328130576344712E-01   -8.18638245658910579383E-02
    6.09645336955363492670E-01    2.27316036120004135938E-09    1.64423122282593008338E-09    1.53304486453473387542E-01
    1.26344118659364679225E+00    4.45034397891776166382E-09    2.63920062004923918414E-09    4.42570599681391341207E-01
   -2.42614688803539246820E+00   -1.11622307060212048902E-08   -8.97428050669787819180E-09    1.08275038180879734639E+00
   -1.56595862470653515166E-09    4.43324005525567582664E-02    7.36483089076690577990E-01    1.22174278720576980993E-09
    3.16806542123687827758E-09   -1.04167844187111957588E+00   -4.86536707669676417309E-03   -2.61119620322960579653E-09
    5.36949092925087610034E-03   -7.62768059892727842680E-11    6.79758680779809582372E-10   -3.83710157461508438725E-01
    1.00592454627023819569E+00    4.71220258424045025264E-09    3.44754774996232632507E-09   -6.63483215831522143979E-01
   -3.98821869648537941089E-02    1.32766094872983145270E-02    7.10215053677366453533E-02   -9.87697660148656592094E-02
    8.76145417845473224736E-11   -1.34512613609197195785E-01    2.92205271196554761115E-01    9.83898299069843011143E-10
   -1.19646560437244656172E-01   -1.32766097675039700804E-02   -7.10215057715208458733E-02   -2.96309299001776216276E-01
    6.47346179252549003280E-01    4.54715911428867358701E-01   -2.89502653052841688042E-02   -4.11022349458194491412E-01
    2.14241257652800443090E-01    1.87318212615142948296E-01   -3.51522626797423909384E-01   -1.68890909094286001402E-01
   -8.25426031139284283045E-02    3.29998726233729777757E-01    7.49930985301614727589E-01    6.32142103547677636222E-01
   -4.65987378915858119210E-01    5.92216473181359392974E-01   -4.09374761593111313740E-01    2.92362967938801510126E-01
    6.47346180887318323194E-01   -2.27357950968419514348E-01    1.44751363535287596446E-02   -4.11022350623107601830E-01
    2.14241257144185154315E-01   -9.36591047203246679365E-02    1.75761314961242864907E-01   -1.68890909788594612007E-01
    4.12712976872852410626E-02    5.87044737253964443724E-01    1.13353285700396308466E-01   -3.16071049763114286790E-01
   -4.65987377305081607037E-01   -2.96108239499226988389E-01    2.04687379263802177176E-01    2.92362967755898761624E-01
   -7.14839896903543270401E-02    1.48405582069893654529E-01   -3.67528308957761451481E-01    5.47451120265703305989E-01
   -1.02675666368700981410E-09    1.82759583986189716454E-01    1.55983307211214304143E-09
   -2.60932894327909114253E-09    5.92923033135497656865E-01    3.37378028948416123209E-09
   -3.04191725919366348272E-09    2.26171239954428093810E+00    5.64137436943863776236E-09
    2.27434100616656469096E-02    1.43970842570232338507E-09    8.56557921325048154948E-01
    5.28691609591294242598E-01    1.18023041436383240522E-09    1.25079812171301973933E+00
    1.04575621612434722096E-09   -5.11519428062701009274E-01   -1.88005187317982723039E-09
   -6.84716965118893164959E-10   -3.71455095998909579080E-01   -1.74721173416970875679E-09
    1.98685739901553887199E-01    1.37633832912691961292E-01   -2.87457874625094811361E-01
   -8.71395821893886424192E-01   -1.74852845358546118504E-09   -9.19642170178034512595E-01
   -1.98685742044431207232E-01    4.12901493609441672117E-01    2.87457875034794696489E-01
   -1.86284275487947792449E-01   -9.39009295196351123636E-01   -1.49893308304341399406E+00
   -1.54295578290588902837E-01   -2.58314124878790352113E-01   -4.91284355437412834089E-01
    1.60584680738646373710E-01    7.18904842549159872611E-01    1.06579917397834389448E+00
    3.36508068053308906364E-01   -4.64552774184652184086E-01   -4.00945309206731881346E-01
    9.31421397972631154305E-02   -9.39009294525169235790E-01    7.49466536805610261673E-01
    7.71477899136788214385E-02   -2.58314124190213822985E-01    2.45642176932384104227E-01
   -4.58821810098902493902E-01   -3.59452422677844662946E-01    2.57206583265338184496E-01
   -1.68254030918467301081E-01   -4.64552775003107765173E-01    2.00472653772914677361E-01
   -3.57614506608017246325E-01    6.22589856002944252999E-01   -4.66841147328843630859E-01
    4.47469854083980211890E-01    2.92474602184610188438E-01    1.09360342583120162541E-01    8.36091851592910551005E-01
    2.13349067347989751475E-01    9.00987476556389776938E-01    6.58814487668435866397E-01   -1.79222937112925029268E+00
   -1.57705090592928157123E-02   -1.75746622412255235068E-02    1.23370461445752588325E-01    1.13147861784193948242E-01
   -2.43015036393408531690E-02   -2.81284624168617984619E-02    7.96679530090917131790E-02    8.82175872080535883324E-02
    1.94492298569156757404E-02   -5.97372123268441034688E-03    1.19902316212791598682E-01    2.73110793374768158481E-02
    3.22692997356872735004E-01   -2.24194716458697707040E-02   -8.76086327611554249728E-01    1.33822718508324972619E-01
    1.17646720834103366005E-01   -1.53530136068615274958E+00    4.78501458307889815380E-01    1.05456527234024588502E+00
    2.00470343387895363896E-02   -1.81290234552580128979E-02    9.40584378763397177536E-02    1.57799339707427821455E-01
    1.27686009510611965523E-02   -1.12027721098245641035E-02    5.76088960443847664106E-02    1.21308985267394059404E-01
   -1.52732522234317446425E-02    2.54266685496286684587E-02   -4.30116768124272769169E-02   -2.46005395702656115553E-01
    2.56941113545062077561E-02   -1.14234702713886735137E-09    4.43324019036794858550E-02    7.36483089254407863322E-01
    3.27923816866331874209E-01    4.17195614821219980555E-09   -1.04167844318385616198E+00   -4.86536456739540025540E-03
   -1.32732881759001497546E-01   -2.97777195221166842128E-10    5.31064384666678004909E-02    2.84086021257205556534E-01
    2.24626705027300227480E-01    1.15043315919208816282E-10   -1.34512613033919009586E-01    2.92205271183333559204E-01
   -4.46257567720326819849E-01    6.20095111652168795580E-01    6.72726741777101899800E-01   -9.88392830669696104140E-02
   -1.48515002662588407878E-01   -1.64380372030377306055E-09    3.93795528899146540791E-01   -2.50716680055428284279E-02
   -3.44503117603835867788E-02   -8.88123582873277984165E-10    1.62222329474799725757E-01   -3.04427525956518063577E-01
   -2.69728328855524002172E-01   -5.37018121688266458769E-01    1.48405580562471717254E-01   -3.67528307727440051167E-01
    4.14536612881430788224E-01   -1.77508532422627601449E-09    5.12874511721583048462E-01   -3.54528943290604803273E-01
    2.09256016373001695052E-02   -3.10047557876469037641E-01    4.15680729313038344053E-01    5.37738418807974238867E-01
    2.27434103730321697523E-02    8.56557919244693710681E-01
    5.28691610812386580953E-01    1.25079812202946305533E+00
    7.94742963068694519002E-01   -1.14983149731661615789E+00
   -8.71395821582638618885E-01   -9.19642170517748547276E-01
   -6.65290643042427576326E-01   -1.23242783340980262968E-02
   -1.61326916500881017980E-01   -1.29811412317146346318E+00
   -1.33623890913560222637E-01   -4.25464731564814679921E-01
   -3.57614505447918284986E-01   -4.66841147155558189308E-01
    2.91424533020180787091E-01   -3.47228821802056719648E-01
   -4.58841488927964058497E-02    7.96268309351180203493E-01
