    0.10008939252193962410E+01    0.81068805192236748081E-02   -0.87603535536828758268E-15    0.21688585733685280740E-02
    0.11588499950115765946E-02   -0.44319816794911881530E+00   -0.68174632605888518810E-15   -0.15018481108158013293E+00
   -0.26828009345803462138E-02   -0.37763191097382026173E+00    0.91940344226770776004E-14   -0.34891281342962598977E+00
    0.77267856453595823194E-18    0.36842382891070401223E-15   -0.11009616618058928689E-14   -0.47773335208875119294E-15
    0.15013946697221187906E-15    0.34949720481024046541E-15   -0.78994159364154521590E-15   -0.35919786431273943815E-15
   -0.30270924655795283797E-15   -0.88817841970012523234E-15    0.48961275546192351005E+00    0.47462034302725442103E-14
   -0.30878077872387166281E-15    0.40245584642661924590E-14    0.22269935126585052587E+00   -0.39621084191310274036E-14
    0.17545344244478157381E-02   -0.78321093477544831418E-01   -0.39863945477947027030E-14    0.54520843706768495895E+00
   -0.49253399947073086412E-03    0.12675634441337738784E-01   -0.33271996269235160071E-14    0.36559510183662274896E+00
    0.28374280926150678706E-05   -0.35765668097825342037E-03    0.69388939039072283776E-17    0.51501865419945284247E-02
    0.27222818373219391265E-16   -0.59050039736276020003E-16    0.48897331602592588919E-16   -0.22003813542749311077E-16
    0.15266186749812530527E-15    0.34530989383855996940E-16   -0.43679458719700722219E-16   -0.17583881789682586404E-16
   -0.66158698857697161716E-04    0.14938831378306718922E-02   -0.15439038936193583140E-15   -0.22962169891583821685E-02
    0.23158558404290374710E-15    0.11414480471927390681E-14    0.26701916385310320995E-01   -0.85001450322863547626E-15
   -0.22617287542346436666E-03   -0.19247115577068366066E+00   -0.32742435168724814964E+00    0.20643844122730231616E+00
    0.42201006596186011258E-03   -0.10160975057450604211E-01   -0.90309400818005050593E-01    0.40897817058624622022E-01
   -0.63235919647171500890E-15   -0.20494010212942981836E-15   -0.31536507716236904490E-15   -0.11977627137645083020E-15
   -0.56306974396226280605E-03   -0.37152282499849906272E-01   -0.23334988238004217981E-01    0.31745860492230264238E-01
    0.47629101108424354641E-03    0.20413848705091632713E-01    0.32627958484042575427E-01    0.74474343433483707402E-02
   -0.22617287542264601086E-03   -0.19247115577068954484E+00    0.32742435168724137728E+00    0.20643844122731408453E+00
    0.42201006596045628760E-03   -0.10160975057453499465E-01    0.90309400818001067668E-01    0.40897817058633247067E-01
    0.20829068527394563440E-16    0.48537969579925155049E-15   -0.65014149360463716976E-15    0.77110897810933379686E-16
    0.56306974396201810162E-03    0.37152282499851821407E-01   -0.23334988238001182215E-01   -0.31745860492232949590E-01
    0.47629101108349891636E-03    0.20413848705093023961E-01   -0.32627958484040917031E-01    0.74474343433449385898E-02
   -0.12095679357932312216E-15    0.52040656072919085073E-01    0.49725848438875175361E-14    0.34746511223815446101E-14
   -0.11645773322966043147E-15   -0.72647665732812422013E-01    0.33861802251067274483E-14    0.97977181923170064692E-14
    0.22811391283264295536E-16   -0.10000683534063252722E+01   -0.49474313534858538333E-13   -0.28449465006019636348E-14
    0.63126658101401533774E+00   -0.31258389109201663346E-15    0.28672162642985925680E-15    0.21883394961870514332E-15
    0.49577590917941510851E+00   -0.21895045490462696797E-15    0.27879680663351823577E-15   -0.26417941914104710608E-16
    0.82346973869340632536E-15   -0.10078743395425249219E-13    0.28397687058144893690E+00    0.26874909238012362200E+00
    0.21265086090941005060E-15   -0.36914915568786454969E-13    0.67091038428092386603E+00    0.45622813818060048430E+00
    0.26395894693009675341E-15   -0.19149837816724119000E+00   -0.78062556418956319249E-14   -0.16410484082740595113E-13
    0.35006854642365875713E-15   -0.33814407926355721790E+00   -0.92027080400569616359E-14    0.20289325775024735776E-13
   -0.88411396171574399349E-17   -0.21739793608658783408E-02    0.69388939039072283776E-16    0.71123662515049090871E-16
   -0.13877787807814456755E-15    0.21818108442195174813E-16    0.30880827320164693164E-16   -0.98210830186012941288E-16
    0.18167965084493614691E-01    0.55678107825676770200E-16    0.10193400294096345270E-15   -0.77418684652880628591E-16
    0.56348113798617273112E-17    0.49219749156330701995E-02    0.11449174941446926823E-15    0.22898349882893853646E-15
    0.51818541905097466236E-16   -0.29334173978767807967E-14    0.21056837458700825710E-01   -0.11148295910853686652E+00
   -0.38743803348829746501E-15    0.59515657043562493478E-01    0.26572230166204698076E-01    0.94397737957022220812E+00
   -0.39518857521728964432E-15    0.82813971708499123370E+00    0.14392810880677122665E+01   -0.69034162565186796279E+00
    0.30969336398140315941E-01    0.23557350128276163808E-16    0.10992290770610581294E-15   -0.27328912133450417047E-15
   -0.33327361557760250512E-16    0.17319455257743494175E-01    0.20645193484232809283E-01   -0.73259302161054432045E-01
    0.32556782027686381847E-16   -0.16205339100720875245E-01   -0.16904824794091111162E-01    0.15210118054964880119E+00
    0.88093017747832275931E-15    0.59515657043558288508E-01   -0.26572230166215508873E-01   -0.94397737957021310429E+00
    0.66602369511020855091E-15    0.82813971708514610981E+00   -0.14392810880676245588E+01    0.69034162565184775673E+00
    0.30969336398140173694E-01    0.48556403167369444046E-15   -0.85783395054323521472E-15   -0.27540695604583227449E-15
   -0.45151366773120183874E-16   -0.17319455257755200089E-01    0.20645193484234564824E-01   -0.73259302161054834501E-01
   -0.12264444659482790949E-15   -0.16205339100729604374E-01    0.16904824794089556850E-01   -0.15210118054965041101E+00
    0.65758498467960641021E-01    0.31343153227994351162E-02    0.31528839572333016538E-15    0.20780035678291675083E-13
    0.25645707185699712083E+00    0.11451313577473704042E+00    0.89546890161409908103E-15    0.61874550622009749645E-13
   -0.31977489414710247306E+00    0.74201701386141860617E+00    0.25742842062333990386E-15   -0.41251724258728472705E-14
    0.18114661023961715481E-15   -0.17788315269549226303E-14    0.96784445398086560441E+00   -0.13327153608764987535E-14
   -0.12400599025904838708E-15    0.17815605111121570177E-14   -0.10229819967573583472E+01    0.18526137964736206191E-14
   -0.17945714358980069392E-13   -0.97477581562088744249E-13    0.10260517456993382673E-14    0.73521077027032100126E+00
    0.49949627767276183476E-13    0.24430457656876569672E-12   -0.25274540538939153849E-14   -0.17612945801292103631E+01
    0.32898788126556505196E+00   -0.75529140213969603312E+00   -0.15294651300724411670E-14   -0.10018505122721954592E-12
   -0.74984214346569743811E-02    0.12749624517920368216E+01    0.27047410549297685560E-14    0.12963762008322277097E-12
   -0.24501570509279134782E-03    0.37766004641961135879E-02   -0.49100726213817832339E-16    0.10631686503392856480E-14
   -0.99103929824451078069E-16   -0.32102056044285496108E-15   -0.22204460492503128343E-15   -0.30857561541347136346E-15
   -0.65587605855867083072E-17   -0.71682135183222397650E-16    0.33320397368907170299E-02   -0.41333815000101197555E-15
    0.53328136551223058459E-01    0.34012237355274602124E-02    0.94724020555228265171E-17    0.42860680282696961285E-14
    0.33827107781547738341E-15    0.13114509478384661634E-13   -0.45349778602813509138E-16   -0.43783471720305909558E-01
   -0.78999163087488344370E+00   -0.54194221744732729018E+00   -0.18694908531078806112E-14   -0.37785396958541889179E+00
    0.54951251124251732083E+00   -0.11307459905172349834E+00   -0.71755224774287043682E-15   -0.82116355154922404669E+00
    0.35663030812476603626E-15   -0.35070485749394053478E-15   -0.10846502237039552102E-01    0.25847182757358854797E-15
    0.29383924706004022065E+00   -0.83609516414092491243E-01   -0.86517997578783567565E-15   -0.30323604446053153971E+00
   -0.58836979438995684610E-01    0.25258073288833349235E+00    0.46597626301015552226E-16    0.18532910726050888517E+00
   -0.78999163087491974800E+00   -0.54194221744741677416E+00   -0.32155405746307768869E-15    0.37785396958530736988E+00
    0.54951251124249900215E+00   -0.11307459905197134176E+00    0.10434897238037290913E-14    0.82116355154923248438E+00
   -0.37112306413219901067E-15    0.34437395797003447770E-15   -0.10846502237040367422E-01   -0.12745034937378200511E-14
   -0.29383924706003228255E+00    0.83609516414175855115E-01    0.68977456606580145280E-17   -0.30323604446056950934E+00
   -0.58836979438983846857E-01    0.25258073288841703663E+00   -0.19908425334203929696E-16   -0.18532910726044010685E+00
    0.20224407050473250380E+00   -0.22384199578571135869E-14   -0.37707770677450519935E-14    0.72558357379335036708E+00
    0.52976811219397612618E+00   -0.34647284140253916243E-14   -0.92220024586653371980E-14    0.15958025176075403273E+01
   -0.50391423002297175415E+00    0.13869994645952939574E-13    0.13179176147893222719E-13   -0.30277060455028497188E+01
   -0.88951075584895513998E-15    0.86042284408449631883E-15    0.15065139803944322533E-01    0.74618805993483878912E-16
    0.20771021085862367981E-14   -0.10519363158323358221E-13    0.63532707874030069917E+00    0.39159108311753065195E-14
   -0.41633363423443370266E-16    0.14732364048287898787E-14   -0.43281582065199409387E-15   -0.82316098382051450244E-13
   -0.39412917374193057185E-14   -0.11958891552325983468E-14    0.48131801734636876831E-14    0.25471985631853044652E-12
   -0.13527689090063174659E+00   -0.74775828737566660609E-15    0.17409963168326126912E-15   -0.10524105270439337856E+00
    0.74176840545821187689E+00    0.16782904180412719265E-13    0.27725488310925193738E-14   -0.96757880466745616044E+00
   -0.34045736204554949422E-01   -0.50791270729140181593E-15   -0.17411454272109269374E-15    0.33013643407212717173E-01
   -0.16808910853322666227E-14    0.13166192693391731705E+00    0.31918911957973250537E-14    0.17442094953772148341E-14
   -0.23047658664589583405E-15    0.26645352591003760914E-14   -0.16098839327653419184E+00   -0.73813410056660819709E-15
   -0.27674832372960936344E-02    0.78604122084125825572E-16    0.38112035293060313106E-15   -0.54126769621794364185E-01
    0.92981178312356860260E-15   -0.24238213226258986192E-15    0.18422455713492033182E-15   -0.14672291159811834405E-13
   -0.33386469633606979945E+00   -0.11482513045220055842E-13   -0.13823954035032293003E-14    0.82459249820830149424E+00
    0.20849077412917724206E+00    0.13143836539377565911E-14    0.71747250183439406948E-16    0.38711705448984140565E+00
    0.83277479317475186567E-14   -0.68537188036404284031E+00   -0.76652937608983540141E+00   -0.97193361905945579312E-14
   -0.33116388940855540080E+00   -0.74329381499666540407E-14   -0.20311754097147850140E-14    0.37265689770980731099E+00
   -0.54370704447784057312E+00   -0.87265484641556696040E-14   -0.35646182219493039459E-14    0.23260302431565581943E-01
   -0.33386469633606319363E+00   -0.10288045962426649289E-13   -0.49324113723920311358E-14    0.82459249820815583298E+00
    0.20849077412919303498E+00   -0.16536676056817899444E-17   -0.23093157721567885058E-14    0.38711705448977695720E+00
   -0.10650108591499529989E-13    0.68537188036406582192E+00   -0.76652937608981619455E+00    0.31939414274620254466E-15
    0.33116388940851737566E+00    0.67533885758116741058E-14   -0.11227915200507623815E-14   -0.37265689771011317744E+00
   -0.54370704447782047808E+00   -0.73294338512161597989E-14    0.38411894461038993171E-14    0.23260302431834828374E-01
    0.17474910407599963946E-12    0.40384362520740069158E-14    0.27253915783395860073E+00   -0.10061743628108602460E-14
    0.38751640785150698321E-12   -0.77576833845682813262E-14    0.71822649800937865550E+00   -0.15922609411692652048E-14
   -0.73718808835110394284E-12   -0.29543034685275415541E-12    0.79843676969751542494E+00    0.77009798198844665752E-14
    0.29691836377210008581E-15   -0.13628587020842602047E-15   -0.65350301702086865758E-16    0.12721037750699097646E-01
    0.28352758816075282751E-14   -0.70703393952575527315E-17    0.43824861309682413184E-15   -0.30980520424345753261E+00
    0.12472410159991828560E-01    0.83600336390334495373E+00    0.13469780846264711727E-12   -0.45208693840227156728E-15
   -0.90124621414122318974E+00    0.15270078898073424778E+00    0.11934897514720432810E-14    0.11613016923620651541E-14
   -0.50383308636270385250E-13   -0.10067641165178997653E-12    0.66750492943369621468E+00    0.80010188683535380351E-15
   -0.19548945795477834508E-12   -0.76851719432724507897E-13    0.18199793819283383023E+00    0.36262642248255330659E-14
    0.80560558224362921464E-14    0.60611238250629639879E-14   -0.15269539525631070295E-01    0.64631232414389296237E-15
    0.17527233987080936776E-15    0.23199132802534256723E-15   -0.27071770481302168181E-15   -0.49370230126299929907E-13
   -0.13830223130541397963E-14    0.33084330658051912542E-15   -0.13546659555870877588E-14   -0.10420256255304218840E+01
   -0.12011225347663412322E-13   -0.27630675525358583400E-13    0.10789480362694481297E+00   -0.23417073977920592016E-14
    0.29131607496438817473E-01   -0.13720763250529743882E+00   -0.19310941734573816575E-13   -0.11503088506015162613E-14
   -0.38724730235658766375E+00    0.29117675794733532957E+00   -0.47671938713398082088E+00   -0.45974997157153811875E-14
   -0.91543301796753087651E-01    0.33035763534627682336E+00   -0.16007509125800023497E+00    0.69665042693201897669E-15
   -0.45291382410892721464E-14    0.10070754232930929697E-14   -0.75183127116504608916E-15    0.39637539693755574621E+00
    0.46950275997874973966E+00    0.72301392693324906258E+00   -0.74456331805313025196E+00   -0.20663505616023891347E-14
    0.69316524368884613327E+00   -0.55384483903673942251E+00    0.53644164860201193346E+00    0.16905721269903023635E-15
    0.38724730235695403735E+00   -0.29117675794712133408E+00   -0.47671938713406758481E+00   -0.37628561586799506039E-14
    0.91543301796954024141E-01   -0.33035763534617001991E+00   -0.16007509125807864447E+00   -0.17187262440391379438E-14
   -0.29746120125672725439E-14   -0.68417981832664836789E-15    0.35320603371103182302E-16    0.39637539693759049619E+00
    0.46950275997856438792E+00    0.72301392693299759706E+00    0.74456331805336706253E+00    0.12252601641915083747E-14
   -0.69316524368887022511E+00    0.55384483903657588666E+00    0.53644164860216103641E+00    0.11484994727848061230E-14
    0.67563411539135679833E-15    0.84077906953082384711E-01    0.14685010450212535038E+00    0.34599927090095405902E-13
    0.62085868917606341444E-15    0.15409405490095734459E+00    0.18418412189905500331E+00    0.55178084323870280059E-13
   -0.10121297913151953886E-13   -0.55362920448697994225E+00   -0.22603680623552513396E+01   -0.37547742692822794197E-12
    0.91419927183977733876E-15   -0.28438925949832800695E-16   -0.98756157851741376358E-18    0.16236702770125590143E-15
   -0.14703516182379416932E-13   -0.41813936522863623891E-15   -0.19021486385500880563E-14   -0.63772432200012265578E-15
   -0.39112491698437333149E-15   -0.48433479449272454076E-14   -0.51333937101105675538E-13    0.46319412135093485094E+00
   -0.19140958892055579359E-14   -0.14932499681208355469E-13   -0.10553363738452503640E-12    0.11408971426746814526E+01
   -0.19116048748401326545E-14   -0.17372832613903987919E-01   -0.40024771505441220087E+00   -0.51380774634957049329E-13
   -0.69806062991132543954E-14   -0.53470848823206340583E+00   -0.91989985844384336566E+00   -0.16125815960332801069E-12
   -0.32170818107165147429E-14   -0.31263680712250679905E+00   -0.39382277197879185515E-01   -0.10319002596848037001E-13
    0.10652185608473507816E+01   -0.10663030954609766151E-13   -0.49019356144059555279E-14    0.14599176043489652266E-14
   -0.48912263128642052834E-13   -0.15610548834264466315E-14   -0.47225088882414607171E-14   -0.10348261281775315313E-14
    0.16363119923305585887E-14   -0.88191438113016537570E-01    0.57949898374214825481E+00    0.71258970946175281824E-13
   -0.14977714092641775878E-14   -0.23068352783539580741E-13   -0.16418116866034893064E-12    0.13242776282390995579E+01
    0.52899943962014980666E-14    0.30346793573729186067E+00    0.12297640632286950257E+01    0.10779325316551902070E+01
   -0.69782812713629329659E-15    0.37517016332251885979E-01    0.19162407596007738353E+00    0.28773664429365830575E+00
    0.36976182067281254673E+00   -0.35192031698619764522E-14   -0.99042488458668822277E-16    0.12207137085434846881E-14
    0.41965366045121739085E-14    0.35122851778972080661E+00    0.61978646334277553986E+00    0.60386924917083040221E+00
    0.24370192394877835876E-14    0.31408370565446785960E+00   -0.49130470506011603149E+00   -0.49265967875898530881E+00
    0.72796887277678589026E-14    0.30346793573732344651E+00    0.12297640632289352780E+01   -0.10779325316548142855E+01
    0.19577666071096989178E-14    0.37517016332252330069E-01    0.19162407596010472277E+00   -0.28773664429358308814E+00
   -0.36976182067277474363E+00    0.52334176384181384244E-14    0.50382909555540871204E-14    0.10254834084448549726E-15
   -0.66250182393306618183E-14   -0.35122851778973041004E+00   -0.61978646334289821951E+00    0.60386924917063500295E+00
    0.66954128237223213861E-15    0.31408370565445392630E+00   -0.49130470506020307297E+00    0.49265967875886707006E+00
