    7.08165747540352885636E-01    2.38021479448835178439E-02    2.42300132063982690336E-03    4.79836582520932961038E-02
    2.55769827173341242343E-03   -2.98632389599879310982E-01    2.75157626985356035254E-02   -5.25106038686840928542E-02
   -4.07936392230583318164E-03   -1.92271860837304908731E-01   -1.20095426610465402101E-02   -1.40058233600801362861E+00
   -2.49286709794280844209E-04   -1.19091401230640284159E-01    4.04624670839455191640E-01    1.36145733942868052413E-01
    4.43002281794647307083E-04   -2.52976331781276132793E-02    1.44697383007086760598E-01    5.34655816835694075451E-01
   -8.85818155561820201995E-05    2.21285798033441123700E-03    5.04939181600965966180E-04    4.54215310931733486088E-03
    7.27339061649188815817E-05   -8.90376686462439857761E-03    1.10542692148624787513E-02    1.53317133871332784111E-03
   -1.74653252440915267990E-04   -1.11437897186977996622E-01   -1.67564692066980019947E-01    9.58499203172667388340E-03
    1.04206228446239489507E-03   -7.41954460303335776306E-03   -6.39013083436140022497E-02    9.36769652383007800367E-01
   -5.42860065962356375612E-05   -1.10739172310779128428E-02    2.71965120269240107076E-03    9.79595979181152945459E-03
    2.79256201005535537214E-04    1.46294434775624555140E-02    1.33649408000600360830E-02   -1.00061699837775807537E-02
    7.94964879705268301358E-02    1.79700879532059154542E-01    4.86962401340582384801E-01    1.35018444973465906456E-01
    1.71698578761146053440E-01    3.12564942796049460849E-01    1.12268073479780072788E+00    2.34591041813865558430E-01
    4.27778362606765272247E-01   -5.04073933370773441531E-01   -2.27433915409905385019E+00   -9.77252404054017587143E-01
    4.21205872666187086661E-01    2.64110756669582891210E-01   -2.26851137438824235204E-01   -3.32147114481450922777E-03
   -1.04225463687734443141E+00   -6.17623546084889799013E-02    6.58999925511163153757E-01    6.10817491757548514109E-01
    5.24956404091549318214E-04   -5.63724716069960163356E-02   -9.20114521451136156520E-04    1.56243017044894433321E-01
    2.90655431935903686702E-02   -3.93804960637606921159E-02    7.25064156672463877573E-02    1.62358555069001181392E-01
   -2.34345852561316486673E-01    4.86392584716618947560E-01   -3.35950517912752127936E-02    5.30950837918960916184E-01
   -5.60288740040504329443E-02   -1.45211810289363862925E-01    8.26351775744367911258E-01    1.62906153156775257429E-01
   -3.34692602282674750436E-02   -2.58164565998860624785E-02    5.39381317902864407254E-02   -1.71930048727752637916E-01
   -4.23318910743060178997E-03    8.72073596494658265232E-02   -1.48976585970206409915E-01    2.88268081620646730856E-03
    3.54075677207722372408E-01    2.10008971671698574379E-01    3.77717873191787290033E-01
    7.08443988383895772998E-01    3.61211622759445349917E-01    8.86324765187025076507E-01
   -2.78017698562052217870E-01   -6.86891855722051358768E-01    7.71699601714534222374E-01
    2.35412203932060887235E-01    3.62916000810379779651E-01   -5.69101461587441570522E-01
   -6.93800137629569602105E-01    1.87410603940815378987E-01   -2.52557170478423020921E-01
    1.30495909525942005436E-01    5.78896804962276759210E-02   -1.14673309305665646618E-01
   -1.62918179972443066816E-01   -3.88279434871642958882E-01   -2.40883468458006455570E-01
   -1.35881985469836815555E-02    3.03956138931059001440E-02   -7.23668618504494820520E-01
   -2.71410194567631938428E-03    2.34193529261844751721E-01   -2.56129209182797190625E-01
    2.85797734595768682109E-01   -4.17465510989532773145E-01   -5.34495217841406189407E-01
    1.74873675031005954006E-01   -4.16267790833665274342E-01    6.31395964728551195577E-01
    7.08843175465433628091E-01    1.32457668581400407615E-02    5.18405424606014283984E-02    6.88353537259022568717E-02
    3.22630435560273924611E-03   -2.35771544866346882685E-01   -8.17758732199298787879E-02    1.55260207502815987535E-02
   -6.49840695239145994117E-03   -1.56125161233146375617E-01   -1.56338759284293771223E+00   -3.70755441669700758212E+00
   -1.20166027513370760309E-04    1.61879009703906201478E-01    8.13723787133084075496E-02   -1.41741795553346344727E-01
   -1.05960471963915535583E-03    7.47189678754796304805E-02    3.39338465880258122187E-01   -3.40826814573931580199E+00
   -2.39084037016700499175E-04    9.66673655543226804194E-05    6.47421537836816336775E-03    1.55300883959951854796E-02
   -6.09109065973769465730E-06    5.82735316090791238830E-03    6.26329494834326240549E-03   -9.97628369715875332191E-03
   -3.94673863644748117944E-04   -1.97665329420620677903E-01    1.68913692981897331502E-02   -1.12398646479683908539E-01
    6.97203843174689762846E-04   -3.55858659195539411835E-02    1.08472522922755443275E+00   -7.20649022338906042329E-01
   -2.82375882698381692679E-04   -9.16712858520678589014E-03    5.44917122877540405224E-03    4.45735398163902164087E-03
    4.61582157172830726162E-04    2.08040285866058945186E-02   -1.83157492042381637998E-02   -1.80968053720023357156E-02
    2.85327038151746972469E-03    1.39578338936099943801E-01    6.27679953484617136894E-01    2.02804594417596933953E-01
    2.19690243719413924595E-01    2.63891959073124016122E-01    1.35205888445759669914E+00    4.86071822911786854959E-01
    6.06051089743784299202E-01    4.69875689807885521532E-01   -6.21159096263787269265E+00    7.39567018407358056642E-01
    1.43717738739676886839E-01   -6.61372684645709862927E-01    8.67214569606710034000E-02    3.43696151935380722620E-01
    3.99457586370442374601E-01    2.03246252799778481801E+00   -2.24043939900775468388E+00    1.22397217573573735550E+00
    6.02544271328369143714E-02   -1.56061881933846277604E-02    1.51218712948717002448E-02    6.84745480714723381288E-02
    3.87763295534056641814E-03    1.48569237043732399473E-01   -1.32601557996195690281E-01    1.20360955628107627047E-01
   -5.37065467317620059973E-01   -5.66851155667702361063E-02    2.47615475088801245684E-01    2.72331790677904306275E-01
    4.64888608252231161355E-01    9.11471432498961453561E-01    2.43845134993005030477E-01    2.07109785178844818532E-01
    6.16570372716687964409E-02   -2.57157847405802865437E-03    8.64651543437670172532E-02   -4.38535989262670178324E-01
   -9.57342159913459472831E-02   -1.33797783480082116414E-01   -8.98237675717252631591E-02   -7.11189871108402899003E-02
    1.48065080935891851821E-01    4.60568377798752925933E-01    6.49530116526584044845E-02
    1.90272010695893251109E-01    1.07214233402981240495E+00   -3.48580252623011538349E-02
   -4.24910566812809875614E+00    4.69576236712744010671E-01   -3.05282303320302172978E+00
   -8.94712482915545170847E-01    3.14927250649899070911E-01    7.84954692313093116418E-01
   -2.27300146549513248928E+00   -3.74624154687657806573E-01   -6.25392822390097968821E-01
    2.33942107903285706483E-01   -1.46956743469147360637E-01    2.06021931701179217278E-01
   -2.11990387961935561334E-01    4.02706654758823057172E-01    5.18780264157603365760E-01
    2.59533383738444423106E-01   -2.94128971716357823230E-01    1.00240608925217800085E+00
   -3.08568894330859655462E-01   -3.02758035462864283360E-01    2.55726847336795903853E-01
    6.74976254835513433950E-02    1.32551092529237690698E-01    6.99617440688567016061E-01
    2.75571966869893048013E-01    6.33642159582280983798E-01   -4.10216300210527795578E-01
    3.11944822557424950027E-01    2.23895750915806768244E-01    5.55314656370347742298E-02    5.93809492629914559281E-01
    1.15945455568432012616E-01    7.76237527695675666450E-01   -3.97914395007451626718E-01   -1.37094012107079432639E+00
   -3.60169358904237845408E-04    9.22299553694590841697E-04   -1.48079082324551442040E-01    2.35885320399196185548E-01
    2.10050628467574024283E-01   -2.83610284247515949396E-02    5.17892231187339957543E-01   -1.31371845525630331908E-02
    6.16169508449615072054E-02   -1.18418220591504508299E+00   -2.26834853812127340555E-01    1.09151141468311907445E+00
    1.08293874209348158638E-02   -7.41331307744116149022E-03   -6.88813340536699458827E-02    6.98963028264303343207E-02
   -1.10159721065150595365E-02    1.17550614843952294652E-02    1.45881602969522329583E-02   -1.41516035315028321229E-01
    2.81796569211345861172E-02    7.72941554466048119654E-02    1.08341066361877902402E+00
   -5.99532256065291369040E-01   -1.93786416038540743045E-01    6.43923729378373943533E-01
    3.39693304496060610731E-01   -4.57231220537318405750E-01   -8.02478124141155935156E-01
    4.03110217637925982714E-01   -2.19769199057994385482E-01   -8.69801526601431507224E-01
    1.43121723002242406952E-01    2.77053171288674404682E-01   -4.38353447576521837448E-01
    2.14234564273316080429E-01    4.49903684230739731031E-01   -4.31696832673189978546E-01
    3.54970033611582913569E-01    7.14393467314337338170E-02    6.90047251758741930772E-01
    2.95666870078854782111E-01    1.95667583425031044175E-01    6.90405099047192716277E-01    1.68630438219747519346E-01
    1.19247455020598080999E-01    1.65352386607600632118E+00   -2.08074517990681062685E+00   -2.99623132260866187337E+00
   -4.13793628383034087226E-02   -3.40494250713613624826E-02    1.25054627358183401142E-01   -2.53735574056589807679E-01
    2.53841763622856930738E-01    2.09323129817639320971E-02   -1.26598579023120522136E-01    6.55383424591473362497E-01
    1.30641700252219744582E-01   -1.68194268709325744915E+00    1.26095281471879361312E+00    9.05547225670987221413E-01
    1.17261842455231371507E-02   -1.74700232743102666644E-02    1.37445198512666955093E-01   -1.42973008626434444635E-01
   -6.72962858941155567249E-03    1.56479971667872197472E-02   -1.21639502996483017672E-01   -3.03869829641439520573E-02
    7.38469397164671914613E-02    8.04721095089591109684E-01    5.58905777008359305746E-01
   -2.12584777383718792620E+00    5.72501423068643044978E-01    6.67076326340218073163E-01
    4.60158883558767495270E-02    2.85436149271719508125E-01   -1.98814519454505700402E+00
    5.33687523403106767184E-01   -2.19069759373147099346E-01   -1.19211417311840039979E+00
    6.46587360729756199795E-01   -4.73238407459757648432E-01   -2.01813541408812691103E-01
    3.38138985594398477907E-01   -4.92175564339975668560E-01   -1.06687272873663974160E-01
    3.56473144702390054572E-01    3.94854758959875262736E-01    7.74512978033862653504E-01
    3.82560740576452784634E-01    6.70727671225617272377E-01    2.07655834319031395996E-01    2.63399687048325781280E-01
    2.92003361490004720302E-01   -6.14827468446159541848E-01   -1.41764882375283313154E-01    1.74237783991321920629E-01
    3.24444052997687470974E-02    1.14477398456746204403E-01   -4.81954261219094959312E-01   -4.25724315613263737390E-01
    1.31950416659511668427E-02    2.02056554485480939498E-02    1.95551355196687426385E-01   -5.53266177136848891216E-01
    3.42193987258977316834E-01    7.65802743862647017359E-01    2.39318016233523694902E-01    1.73944012934934805203E-01
    7.57535458015995533110E-01   -1.13245656523844129282E+00    6.38399923928898882508E-01    1.00904215077817605017E-01
   -2.51486202331915667529E-02   -9.24141719271447670270E-02    3.90170944797405550020E-01    1.09773200038317586547E+00
    1.79663093982075500188E-02    3.31100415495425709489E-02   -4.86995736154743508184E-01    3.63949259203149799724E-01
    4.81194541287165544752E-01    5.90468139770619626638E-01
    1.97595970888476024641E-01   -5.53694559885676507172E-01
    3.91669367756503794542E-01    8.81416085410759886365E-01
    3.10975340769032326804E-01   -5.39209606649954098501E-01
    7.08165747540352885636E-01    2.38021479448835178439E-02    2.42300132063982690336E-03    4.79836582520932961038E-02
    2.55769827173341242343E-03   -2.98632389599879310982E-01    2.75157626985356035254E-02   -5.25106038686840928542E-02
   -4.07936392230583318164E-03   -1.92271860837304908731E-01   -1.20095426610465402101E-02   -1.40058233600801362861E+00
   -2.49286709794280844209E-04   -1.19091401230640284159E-01    4.04624670839455191640E-01    1.36145733942868052413E-01
    4.43002281794647307083E-04   -2.52976331781276132793E-02    1.44697383007086760598E-01    5.34655816835694075451E-01
   -8.85818155561820201995E-05    2.21285798033441123700E-03    5.04939181600965966180E-04    4.54215310931733486088E-03
    7.27339061649188815817E-05   -8.90376686462439857761E-03    1.10542692148624787513E-02    1.53317133871332784111E-03
   -1.74653252440915267990E-04   -1.11437897186977996622E-01   -1.67564692066980019947E-01    9.58499203172667388340E-03
    1.04206228446239489507E-03   -7.41954460303335776306E-03   -6.39013083436140022497E-02    9.36769652383007800367E-01
   -5.42860065962356375612E-05   -1.10739172310779128428E-02    2.71965120269240107076E-03    9.79595979181152945459E-03
    2.79256201005535537214E-04    1.46294434775624555140E-02    1.33649408000600360830E-02   -1.00061699837775807537E-02
    7.94964879705268301358E-02    1.79700879532059154542E-01    4.86962401340582384801E-01    1.35018444973465906456E-01
    1.71698578761146053440E-01    3.12564942796049460849E-01    1.12268073479780072788E+00    2.34591041813865558430E-01
    4.27778362606765272247E-01   -5.04073933370773441531E-01   -2.27433915409905385019E+00   -9.77252404054017587143E-01
    4.21205872666187086661E-01    2.64110756669582891210E-01   -2.26851137438824235204E-01   -3.32147114481450922777E-03
   -1.04225463687734443141E+00   -6.17623546084889799013E-02    6.58999925511163153757E-01    6.10817491757548514109E-01
    5.24956404091549318214E-04   -5.63724716069960163356E-02   -9.20114521451136156520E-04    1.56243017044894433321E-01
    2.90655431935903686702E-02   -3.93804960637606921159E-02    7.25064156672463877573E-02    1.62358555069001181392E-01
   -2.34345852561316486673E-01    4.86392584716618947560E-01   -3.35950517912752127936E-02    5.30950837918960916184E-01
   -5.60288740040504329443E-02   -1.45211810289363862925E-01    8.26351775744367911258E-01    1.62906153156775257429E-01
   -3.34692602282674750436E-02   -2.58164565998860624785E-02    5.39381317902864407254E-02   -1.71930048727752637916E-01
   -4.23318910743060178997E-03    8.72073596494658265232E-02   -1.48976585970206409915E-01    2.88268081620646730856E-03
    3.54075677207722372408E-01    2.10008971671698574379E-01    3.77717873191787290033E-01
    7.08443988383895772998E-01    3.61211622759445349917E-01    8.86324765187025076507E-01
   -2.78017698562052217870E-01   -6.86891855722051358768E-01    7.71699601714534222374E-01
    2.35412203932060887235E-01    3.62916000810379779651E-01   -5.69101461587441570522E-01
   -6.93800137629569602105E-01    1.87410603940815378987E-01   -2.52557170478423020921E-01
    1.30495909525942005436E-01    5.78896804962276759210E-02   -1.14673309305665646618E-01
   -1.62918179972443066816E-01   -3.88279434871642958882E-01   -2.40883468458006455570E-01
   -1.35881985469836815555E-02    3.03956138931059001440E-02   -7.23668618504494820520E-01
   -2.71410194567631938428E-03    2.34193529261844751721E-01   -2.56129209182797190625E-01
    2.85797734595768682109E-01   -4.17465510989532773145E-01   -5.34495217841406189407E-01
    1.74873675031005954006E-01   -4.16267790833665274342E-01    6.31395964728551195577E-01
    7.08843175465433628091E-01    1.32457668581400407615E-02    5.18405424606014283984E-02    6.88353537259022568717E-02
    3.22630435560273924611E-03   -2.35771544866346882685E-01   -8.17758732199298787879E-02    1.55260207502815987535E-02
   -6.49840695239145994117E-03   -1.56125161233146375617E-01   -1.56338759284293771223E+00   -3.70755441669700758212E+00
   -1.20166027513370760309E-04    1.61879009703906201478E-01    8.13723787133084075496E-02   -1.41741795553346344727E-01
   -1.05960471963915535583E-03    7.47189678754796304805E-02    3.39338465880258122187E-01   -3.40826814573931580199E+00
   -2.39084037016700499175E-04    9.66673655543226804194E-05    6.47421537836816336775E-03    1.55300883959951854796E-02
   -6.09109065973769465730E-06    5.82735316090791238830E-03    6.26329494834326240549E-03   -9.97628369715875332191E-03
   -3.94673863644748117944E-04   -1.97665329420620677903E-01    1.68913692981897331502E-02   -1.12398646479683908539E-01
    6.97203843174689762846E-04   -3.55858659195539411835E-02    1.08472522922755443275E+00   -7.20649022338906042329E-01
   -2.82375882698381692679E-04   -9.16712858520678589014E-03    5.44917122877540405224E-03    4.45735398163902164087E-03
    4.61582157172830726162E-04    2.08040285866058945186E-02   -1.83157492042381637998E-02   -1.80968053720023357156E-02
    2.85327038151746972469E-03    1.39578338936099943801E-01    6.27679953484617136894E-01    2.02804594417596933953E-01
    2.19690243719413924595E-01    2.63891959073124016122E-01    1.35205888445759669914E+00    4.86071822911786854959E-01
    6.06051089743784299202E-01    4.69875689807885521532E-01   -6.21159096263787269265E+00    7.39567018407358056642E-01
    1.43717738739676886839E-01   -6.61372684645709862927E-01    8.67214569606710034000E-02    3.43696151935380722620E-01
    3.99457586370442374601E-01    2.03246252799778481801E+00   -2.24043939900775468388E+00    1.22397217573573735550E+00
    6.02544271328369143714E-02   -1.56061881933846277604E-02    1.51218712948717002448E-02    6.84745480714723381288E-02
    3.87763295534056641814E-03    1.48569237043732399473E-01   -1.32601557996195690281E-01    1.20360955628107627047E-01
   -5.37065467317620059973E-01   -5.66851155667702361063E-02    2.47615475088801245684E-01    2.72331790677904306275E-01
    4.64888608252231161355E-01    9.11471432498961453561E-01    2.43845134993005030477E-01    2.07109785178844818532E-01
    6.16570372716687964409E-02   -2.57157847405802865437E-03    8.64651543437670172532E-02   -4.38535989262670178324E-01
   -9.57342159913459472831E-02   -1.33797783480082116414E-01   -8.98237675717252631591E-02   -7.11189871108402899003E-02
    1.48065080935891851821E-01    4.60568377798752925933E-01    6.49530116526584044845E-02
    1.90272010695893251109E-01    1.07214233402981240495E+00   -3.48580252623011538349E-02
   -4.24910566812809875614E+00    4.69576236712744010671E-01   -3.05282303320302172978E+00
   -8.94712482915545170847E-01    3.14927250649899070911E-01    7.84954692313093116418E-01
   -2.27300146549513248928E+00   -3.74624154687657806573E-01   -6.25392822390097968821E-01
    2.33942107903285706483E-01   -1.46956743469147360637E-01    2.06021931701179217278E-01
   -2.11990387961935561334E-01    4.02706654758823057172E-01    5.18780264157603365760E-01
    2.59533383738444423106E-01   -2.94128971716357823230E-01    1.00240608925217800085E+00
   -3.08568894330859655462E-01   -3.02758035462864283360E-01    2.55726847336795903853E-01
    6.74976254835513433950E-02    1.32551092529237690698E-01    6.99617440688567016061E-01
    2.75571966869893048013E-01    6.33642159582280983798E-01   -4.10216300210527795578E-01
    3.11944822557424950027E-01    2.23895750915806768244E-01    5.55314656370347742298E-02    5.93809492629914559281E-01
    1.15945455568432012616E-01    7.76237527695675666450E-01   -3.97914395007451626718E-01   -1.37094012107079432639E+00
   -3.60169358904237845408E-04    9.22299553694590841697E-04   -1.48079082324551442040E-01    2.35885320399196185548E-01
    2.10050628467574024283E-01   -2.83610284247515949396E-02    5.17892231187339957543E-01   -1.31371845525630331908E-02
    6.16169508449615072054E-02   -1.18418220591504508299E+00   -2.26834853812127340555E-01    1.09151141468311907445E+00
    1.08293874209348158638E-02   -7.41331307744116149022E-03   -6.88813340536699458827E-02    6.98963028264303343207E-02
   -1.10159721065150595365E-02    1.17550614843952294652E-02    1.45881602969522329583E-02   -1.41516035315028321229E-01
    2.81796569211345861172E-02    7.72941554466048119654E-02    1.08341066361877902402E+00
   -5.99532256065291369040E-01   -1.93786416038540743045E-01    6.43923729378373943533E-01
    3.39693304496060610731E-01   -4.57231220537318405750E-01   -8.02478124141155935156E-01
    4.03110217637925982714E-01   -2.19769199057994385482E-01   -8.69801526601431507224E-01
    1.43121723002242406952E-01    2.77053171288674404682E-01   -4.38353447576521837448E-01
    2.14234564273316080429E-01    4.49903684230739731031E-01   -4.31696832673189978546E-01
    3.54970033611582913569E-01    7.14393467314337338170E-02    6.90047251758741930772E-01
    2.95666870078854782111E-01    1.95667583425031044175E-01    6.90405099047192716277E-01    1.68630438219747519346E-01
    1.19247455020598080999E-01    1.65352386607600632118E+00   -2.08074517990681062685E+00   -2.99623132260866187337E+00
   -4.13793628383034087226E-02   -3.40494250713613624826E-02    1.25054627358183401142E-01   -2.53735574056589807679E-01
    2.53841763622856930738E-01    2.09323129817639320971E-02   -1.26598579023120522136E-01    6.55383424591473362497E-01
    1.30641700252219744582E-01   -1.68194268709325744915E+00    1.26095281471879361312E+00    9.05547225670987221413E-01
    1.17261842455231371507E-02   -1.74700232743102666644E-02    1.37445198512666955093E-01   -1.42973008626434444635E-01
   -6.72962858941155567249E-03    1.56479971667872197472E-02   -1.21639502996483017672E-01   -3.03869829641439520573E-02
    7.38469397164671914613E-02    8.04721095089591109684E-01    5.58905777008359305746E-01
   -2.12584777383718792620E+00    5.72501423068643044978E-01    6.67076326340218073163E-01
    4.60158883558767495270E-02    2.85436149271719508125E-01   -1.98814519454505700402E+00
    5.33687523403106767184E-01   -2.19069759373147099346E-01   -1.19211417311840039979E+00
    6.46587360729756199795E-01   -4.73238407459757648432E-01   -2.01813541408812691103E-01
    3.38138985594398477907E-01   -4.92175564339975668560E-01   -1.06687272873663974160E-01
    3.56473144702390054572E-01    3.94854758959875262736E-01    7.74512978033862653504E-01
    3.82560740576452784634E-01    6.70727671225617272377E-01    2.07655834319031395996E-01    2.63399687048325781280E-01
    2.92003361490004720302E-01   -6.14827468446159541848E-01   -1.41764882375283313154E-01    1.74237783991321920629E-01
    3.24444052997687470974E-02    1.14477398456746204403E-01   -4.81954261219094959312E-01   -4.25724315613263737390E-01
    1.31950416659511668427E-02    2.02056554485480939498E-02    1.95551355196687426385E-01   -5.53266177136848891216E-01
    3.42193987258977316834E-01    7.65802743862647017359E-01    2.39318016233523694902E-01    1.73944012934934805203E-01
    7.57535458015995533110E-01   -1.13245656523844129282E+00    6.38399923928898882508E-01    1.00904215077817605017E-01
   -2.51486202331915667529E-02   -9.24141719271447670270E-02    3.90170944797405550020E-01    1.09773200038317586547E+00
    1.79663093982075500188E-02    3.31100415495425709489E-02   -4.86995736154743508184E-01    3.63949259203149799724E-01
    4.81194541287165544752E-01    5.90468139770619626638E-01
    1.97595970888476024641E-01   -5.53694559885676507172E-01
    3.91669367756503794542E-01    8.81416085410759886365E-01
    3.10975340769032326804E-01   -5.39209606649954098501E-01
