    7.07384750739179724022E-01    4.21405264294914903150E-03    1.14109122551440938381E-02    1.43820545946668348902E-01
    2.34289678648532355551E-04   -3.34964943867171682790E-01   -9.73916513546585899119E-02    2.71926050475577107957E-01
   -1.61096744118395811436E-03   -2.10367043429264849452E-01   -3.16436108138963889669E-01    1.16165288829405653759E-02
   -1.25753248932444989042E-03    2.02809242177373921789E-01   -4.55699740065531821998E-01   -4.90347146443862735854E-01
    5.74969650898371703943E-04    3.93978353726760349707E-02   -2.20769668541354435742E-01    9.06294479834242827643E-01
    5.86979671182066690439E-05   -7.94803978019810973554E-03    7.27376343185580451906E-03    2.57876707440591775022E-02
    1.75274994751661975413E-19   -2.97916385403855444602E-17   -1.97478511709316600845E-17    6.61577782512761993450E-17
    4.30790499421859596207E-01   -4.70923921963782956648E-17    3.37240969261445033833E-01
    1.04728008624729840292E+00   -1.91908329239251904764E-16    6.69763108613347757370E-01
   -9.41603969616962799272E-01    1.61576398004852502643E-16   -3.02895208548493666267E-01
    2.42846918950922918690E-01   -1.33891403233853596113E-16   -3.85506328953936383552E-01
   -1.69103098734015300231E-01    4.81936585685995066574E-17    4.95410714690923625891E-01
    2.06042204040248685959E-02   -9.55677131518306487805E-17   -2.25880079421615781454E-01
    1.10181553099947122717E-16    3.31068394184471703756E-01   -1.22056075368874043423E-16
    4.21986567603783557789E-01    6.61132587939485039108E-01    2.57515445005585930094E-01
    2.70219961515774542704E-01   -6.21994664619753945267E-01   -5.19867794984009076731E-02
   -4.58038819749856454533E-02   -1.00173846385851070262E-01    5.97385846815471022175E-01
    4.21986567603784112901E-01    6.61132587939485039108E-01    2.57515445005586041116E-01
    2.70219961515773876570E-01   -6.21994664619753723223E-01   -5.19867794984012615567E-02
   -4.58038819749854997365E-02   -1.00173846385851195162E-01    5.97385846815471244220E-01
    6.62136788368943074445E-01
    7.08081526423291141015E-01    5.64825317218505332240E-03    3.07237120458425626290E-02    8.98703754750643651894E-02
    1.09683770325208593439E-03    3.36760774949961483316E-01   -1.77645810324756986409E-01    1.31979257322699466970E-01
   -4.15606100923712404316E-03    4.23837203565849529596E-01   -3.21567351546933766215E+00    1.37173555133320385080E-01
   -2.00183876696861853123E-03    2.03422865876331043777E-01    1.27888212624853531141E-01    7.70452201168045136548E-01
    1.27889515423178874373E-03    1.04800460026601510721E-01    2.33129499063765521782E+00   -6.32469575078770773757E-01
    3.13584477924181239707E-04   -3.69925015169680557192E-03   -1.12672849900727657657E-02    6.09710667404104872391E-02
    2.13909255762381921388E-19    5.63248019387493232868E-17   -2.67624225859386969963E-16    3.88891730345330767316E-17
    6.57970751775636020220E-01    1.10003430174685858208E-15    4.12136818714817151910E-02
    1.44653090389405347693E+00    2.35476080166219410267E-15    2.24972068261260566002E-01
   -5.35236416544818816021E+00   -7.35250217328043455309E-15    3.13120874041057506432E+00
   -1.09054169619081181564E-01   -1.18562278288897924386E-15   -8.97551788506862124883E-01
    2.47167971568209354771E+00    3.76703338029550984017E-15   -1.65899765334068050038E+00
   -4.51631091039704293810E-02    2.97823867561391985264E-16    3.45898736728523059636E-01
   -6.04635024087669059068E-16    3.81345230384939892776E-01   -4.22259795369680059810E-16
    4.34481485626567742742E-01    7.27611805061569083541E-01    1.62824404512147441482E-01
    6.28321268528688636756E-01   -1.11940318265557881006E+00    4.27354623901058272573E-01
    1.30471438740290979902E-02    4.72786969745378482521E-02   -1.04011625191000312007E+00
    4.34481485626568686431E-01    7.27611805061568306385E-01    1.62824404512147857815E-01
    6.28321268528686416310E-01   -1.11940318265557925415E+00    4.27354623901057106838E-01
    1.30471438740289626818E-02    4.72786969745380078467E-02   -1.04011625191000334212E+00
    7.62690460769879563507E-01
    7.07384750739179724022E-01    4.21405264294914903150E-03    1.14109122551440938381E-02    1.43820545946668348902E-01
    2.34289678648532355551E-04   -3.34964943867171682790E-01   -9.73916513546585899119E-02    2.71926050475577107957E-01
   -1.61096744118395811436E-03   -2.10367043429264849452E-01   -3.16436108138963889669E-01    1.16165288829405653759E-02
   -1.25753248932444989042E-03    2.02809242177373921789E-01   -4.55699740065531821998E-01   -4.90347146443862735854E-01
    5.74969650898371703943E-04    3.93978353726760349707E-02   -2.20769668541354435742E-01    9.06294479834242827643E-01
    5.86979671182066690439E-05   -7.94803978019810973554E-03    7.27376343185580451906E-03    2.57876707440591775022E-02
    1.75274994751661975413E-19   -2.97916385403855444602E-17   -1.97478511709316600845E-17    6.61577782512761993450E-17
    4.30790499421859596207E-01   -4.70923921963782956648E-17    3.37240969261445033833E-01
    1.04728008624729840292E+00   -1.91908329239251904764E-16    6.69763108613347757370E-01
   -9.41603969616962799272E-01    1.61576398004852502643E-16   -3.02895208548493666267E-01
    2.42846918950922918690E-01   -1.33891403233853596113E-16   -3.85506328953936383552E-01
   -1.69103098734015300231E-01    4.81936585685995066574E-17    4.95410714690923625891E-01
    2.06042204040248685959E-02   -9.55677131518306487805E-17   -2.25880079421615781454E-01
    1.10181553099947122717E-16    3.31068394184471703756E-01   -1.22056075368874043423E-16
    4.21986567603783557789E-01    6.61132587939485039108E-01    2.57515445005585930094E-01
    2.70219961515774542704E-01   -6.21994664619753945267E-01   -5.19867794984009076731E-02
   -4.58038819749856454533E-02   -1.00173846385851070262E-01    5.97385846815471022175E-01
    4.21986567603784112901E-01    6.61132587939485039108E-01    2.57515445005586041116E-01
    2.70219961515773876570E-01   -6.21994664619753723223E-01   -5.19867794984012615567E-02
   -4.58038819749854997365E-02   -1.00173846385851195162E-01    5.97385846815471244220E-01
    6.62136788368943074445E-01
    7.08081526423291141015E-01    5.64825317218505332240E-03    3.07237120458425626290E-02    8.98703754750643651894E-02
    1.09683770325208593439E-03    3.36760774949961483316E-01   -1.77645810324756986409E-01    1.31979257322699466970E-01
   -4.15606100923712404316E-03    4.23837203565849529596E-01   -3.21567351546933766215E+00    1.37173555133320385080E-01
   -2.00183876696861853123E-03    2.03422865876331043777E-01    1.27888212624853531141E-01    7.70452201168045136548E-01
    1.27889515423178874373E-03    1.04800460026601510721E-01    2.33129499063765521782E+00   -6.32469575078770773757E-01
    3.13584477924181239707E-04   -3.69925015169680557192E-03   -1.12672849900727657657E-02    6.09710667404104872391E-02
    2.13909255762381921388E-19    5.63248019387493232868E-17   -2.67624225859386969963E-16    3.88891730345330767316E-17
    6.57970751775636020220E-01    1.10003430174685858208E-15    4.12136818714817151910E-02
    1.44653090389405347693E+00    2.35476080166219410267E-15    2.24972068261260566002E-01
   -5.35236416544818816021E+00   -7.35250217328043455309E-15    3.13120874041057506432E+00
   -1.09054169619081181564E-01   -1.18562278288897924386E-15   -8.97551788506862124883E-01
    2.47167971568209354771E+00    3.76703338029550984017E-15   -1.65899765334068050038E+00
   -4.51631091039704293810E-02    2.97823867561391985264E-16    3.45898736728523059636E-01
   -6.04635024087669059068E-16    3.81345230384939892776E-01   -4.22259795369680059810E-16
    4.34481485626567742742E-01    7.27611805061569083541E-01    1.62824404512147441482E-01
    6.28321268528688636756E-01   -1.11940318265557881006E+00    4.27354623901058272573E-01
    1.30471438740290979902E-02    4.72786969745378482521E-02   -1.04011625191000312007E+00
    4.34481485626568686431E-01    7.27611805061568306385E-01    1.62824404512147857815E-01
    6.28321268528686416310E-01   -1.11940318265557925415E+00    4.27354623901057106838E-01
    1.30471438740289626818E-02    4.72786969745380078467E-02   -1.04011625191000334212E+00
    7.62690460769879563507E-01
