    5.00439991602565914519E-01    3.65442464654309410316E-03    1.84211263768173242120E-03    4.64797698760234057145E-04
    5.54966316333373611142E-04   -2.18146404527420095798E-01   -9.15537132129989050799E-02    6.08902117786229370340E-04
   -1.22185179036239785141E-03   -1.76987216421159637703E-01   -2.09369699268820264049E-01   -4.69148213725880704195E-03
    8.21212610181232998199E-04   -4.01788733906935924267E-02    2.05331696544577529950E-01    1.88105292481916208658E-01
   -1.82096005048178373204E-04    6.80051602869981459965E-03    1.20076821569540567736E-01    1.44288964912670569785E-01
   -6.12861789162366557386E-04    2.99735173766456468314E-02   -1.51977921292455325775E-01    2.54116083333745745865E-01
    1.34031671486372803374E-04   -4.89541610071805768228E-03   -8.91493270645661861629E-02    1.98207397811779262309E-01
   -2.84791657993312959002E-06    2.01405116392392970681E-04   -1.08980879447691551484E-03    4.97072034122050776631E-06
   -7.93824966219886971833E-05    2.72723038183830899378E-03   -9.80961492951261393447E-03    3.12953594374266270625E-03
    1.19256673936288175677E-05   -4.24145821942773025136E-04    1.43166444764460608872E-03    4.96443177493502245390E-03
   -1.25845302979401684352E-04   -1.03655046985168433626E-01    1.21377149711867707294E-01    2.63603103720083740535E-04
    1.58986458218890659060E-04   -4.11417113401154992125E-03    1.96633791576612884655E-02    2.88846349241290469012E-03
    2.58098366777147019118E-04    1.20114713380583340574E-02    8.05098385124576132552E-05    9.86084616611059873448E-03
    1.91498941334354040979E-04    8.93816109991142464242E-03   -7.43492039421692936388E-05   -1.40625741034867933477E-02
    2.58758576721769507564E-04    1.45532070283869146426E-02   -1.64498702995586575104E-02   -4.40355935036267347616E-04
    2.69172399017836780355E-02    4.64158770081853563894E-02    2.45664836560844888902E-02    2.02399930223852025923E-02
   -2.22823503503851647056E-02    1.52699969044462757761E-01    1.20648972082652697346E-01    9.15879230728814386353E-02
   -4.69116401282947348417E-01   -2.68557628930360114961E-01    2.78256727071044873689E-01    1.97844907309061762701E-01
   -8.62064937287999322191E-02    1.93894965972626787121E-01   -6.39849331148465653302E-03   -3.70370678684840914929E-01
   -1.48882419950837868727E-01   -5.07525961130232128315E-02    3.65016333587228514190E-01    6.38212070642188655789E-01
    5.49307342286410940635E-02   -1.65968037806581120153E-01    3.54348566358088590267E-01   -2.13793475908136965113E-01
    1.11028194928330090074E-01    5.77335264910940615390E-02   -6.45107289598232935823E-01    4.29165182909614570383E-02
    4.59426431914820371715E-05   -5.21797301824115846575E-03    4.76346940080529150999E-04    5.12372921417970548195E-04
    8.95422642451285458187E-03    4.32875558707580335160E-02    1.68935824009303417470E-02    9.36030150138207964194E-03
   -1.42575097060563160851E-03   -6.63756110472686969293E-03   -1.79772863874851757636E-03   -2.12223361712024494174E-03
    1.08722148523053771529E-02   -3.19978819455971674746E-01   -3.63543418054572742282E-01   -2.38397237474970546955E-01
    3.91126433456678468392E-01    2.55327339880630221902E-01    1.59008951188619913897E-02   -7.12462672021618378948E-03
   -9.46607574848110609744E-03   -1.10216834710841996015E-01    3.47447556638748279376E-03    9.90758323209678729016E-03
   -6.91946052771154600930E-03   -8.11086176450895174339E-02   -3.13895501651053341393E-04    7.22398108227713430310E-04
   -9.50082032357663260058E-03   -9.40220615136775350607E-02    9.77834715557498040939E-02    6.96282787966869820551E-02
    3.88377242920480425514E-02    1.36668713529222241379E-03    3.63943025746880310933E-01    1.52466367860320667349E-01
    1.09529636029537788544E-01    4.12054406310249574097E-03    8.02667830672782578461E-01    3.85164643701686848498E-01
   -6.05644798457558378169E-02    1.53841797847475785475E-03   -1.51524875411131065839E+00    3.31900526775506132804E-01
   -8.78082477821117979300E-02    6.20799348255016668341E-03   -5.73097996344647461764E-02    3.25575729975113081771E-01
    6.08126132492064781082E-03    1.89639579528412566267E-01   -3.95781548347923450848E-01    4.08380495437592333507E-02
    7.23476345547188481877E-02    1.68335504190905253796E-02    5.07032366559704364417E-02   -2.43458412271674085048E-01
   -1.28467023562858113916E-02    2.36283152081935371447E-01    2.81321989713154418933E-01   -2.72631018440038126738E-02
   -1.19625435352238591175E-02    5.00310643244409179622E-05    1.01793039948881881146E-02   -2.37769868190722127865E-02
   -9.47398520146618475235E-03   -1.94787398926346659589E-02   -6.06950475348786572249E-02    6.57061947269554219586E-02
    1.48073368713849164158E-03   -3.29928846079938081770E-02    9.33961516978906204633E-03   -9.98700252866705981414E-03
   -8.12813050778525281181E-02   -3.94810226938107147743E-03    4.40125353318217449328E-01   -1.99248928819084208941E-01
    2.52760629698631222873E-02   -8.02122837362604984221E-04    1.62932680091447762427E-01   -7.60336444110985831824E-02
    1.50873398738407465958E-01   -2.17034707532578557965E-01   -9.80961102155269853986E-02    2.89523920076965535220E-01
    1.11586124125535465779E-01    2.92677375737332379213E-01   -7.42195063903896834479E-02    2.14974287834551164300E-01
   -2.33043907960738372331E-01    1.43021138863220435150E-03   -6.35707866009418837150E-02    2.71134773428933328887E-01
    1.83530764728188130336E-03   -2.42670463832195747959E-04    9.00930277807546753266E-02
    1.94725642890126310336E-02   -4.45720895656462226357E-04    1.32848903168751419912E-01
    2.36843812341961668100E-01    1.89462544980491189202E-03   -1.11386061769269639754E+00
    7.17664695965560123225E-02    3.45596941681861535497E-03   -1.60599962845762223029E-01
    1.24284260278269709926E-02   -9.71016040242191763587E-02   -4.97135739351642624850E-01
   -5.36541801861688816278E-02    3.01123856318604365620E-03    1.21717924504750218961E-01
   -9.19085481040151329457E-03   -1.31158858915810028201E-01    3.63182343305082699914E-01
    1.53117553410416107340E-01   -3.20131578970986416677E-04   -2.01961563769072552366E-02
    8.58408512291157638208E-02   -1.57986337581989239043E-01    5.55867698078628680314E-01
   -1.37351123062076137943E-02   -2.56431740188612089515E-01   -8.53484094961697581372E-02
   -1.19889552016258352229E-01   -1.40202163844788054055E-03    6.36040151163852152116E-01
   -2.86093718302463488612E-02    4.29924740571348967810E-04    7.38469375817196599376E-02
    1.61569943616196642910E-01    1.24766022279306318388E-01   -1.73885914591516671512E-01
    1.19118937569625937822E-01   -1.67961499225954602466E-01   -1.31086948270811270989E-01
   -5.59813102134493756346E-02    7.51481251251860486728E-04   -2.49437574408948620208E-01
    5.00450300495547284463E-01    3.73864323890831049685E-03    1.37463153501870172409E-03   -1.70214754231620423754E-05
    5.73993233444372629240E-04   -2.18037550110406153081E-01   -9.20840578462415876304E-02    1.35664168474366585854E-04
   -1.30110813809849730320E-03   -1.77755735451970237060E-01   -2.04839096024961891951E-01    6.42311323544139407132E-04
    8.16897157843397879809E-04   -4.01906413982927174233E-02    2.05479912359361693852E-01   -1.88962839241805846680E-01
   -1.99459847970286872345E-04    6.61425591230570784906E-03    1.21074238549523968689E-01   -1.45780524989760046362E-01
   -6.10738673874529520991E-04    2.99908211698311361060E-02   -1.52793618653828983112E-01   -2.53560375835468476691E-01
    1.48532578523245768288E-04   -4.75196320340776079405E-03   -9.05314435260061167732E-02   -1.97066600349531079184E-01
   -3.20276073884592349028E-06    1.98555602978308910972E-04   -1.07959924196947927230E-03   -1.33082451752848190490E-05
   -7.56135930595561313967E-05    2.75467105677742194261E-03   -9.96963555623103965531E-03   -2.96253169171124038778E-03
    1.12155326199579852384E-05   -4.27744002671294151242E-04    1.44469498529199410000E-03   -4.98985483540761651233E-03
   -1.22656951024857781805E-04   -1.03650302658183840476E-01    1.21609604594927242505E-01   -7.05429284988609572871E-04
    1.97336150182411207768E-04   -3.69021025326878504211E-03    1.66653643253300287608E-02    1.15406156191324033846E-04
    2.49275179552165861152E-04    1.19332091142144262885E-02    4.04978611194804251350E-04   -1.02348529026196032043E-02
    1.83848220613490575528E-04    8.88113485260004324739E-03    2.35267927021201307377E-04    1.37900094552485981414E-02
    2.49070629962425539421E-04    1.44777650192374068849E-02   -1.60935924578540778818E-02    1.23922750333692012958E-04
    2.27330772294443879400E-02    3.57122965653222795845E-02    2.04517063228134739206E-02    1.90417063372772844831E-02
   -4.08384524313417721086E-02    1.14601525028993414534E-01    1.05168040340992849369E-01    9.66618296735858167912E-02
   -4.80872984680468740226E-01   -2.94404775102160787270E-01    2.51579371050059841242E-01    2.32195850513121609948E-01
   -8.74988832280086947790E-02    2.18687771258154528553E-01    4.48172012414515402723E-02   -3.51969626194779672268E-01
   -1.55342101981977953606E-01   -9.44708314425427020389E-02    2.84989076869416047000E-01    6.77161324939074438234E-01
    6.42079023333913118110E-02   -1.67173319715442719735E-01    3.72545167701817114825E-01   -1.82557659445707204382E-01
    1.17057219241803442400E-01    8.03033025615550039022E-02   -6.44081586404632977505E-01   -3.34626806730584022698E-02
    2.41193155759433216839E-04   -5.19343489812888487595E-03    4.32045685124362395437E-04    5.10669970733070152299E-04
    7.63250875370320280150E-03    4.53722991404798756121E-02    1.70908721229461220414E-02    1.50661445438467437447E-02
   -1.16917852964081568114E-03   -7.05602604312579283208E-03   -1.78568075422115796029E-03   -2.91923476815242159688E-03
    2.56624273164206169462E-02   -3.17408011174411475164E-01   -3.41212522523523187346E-01   -3.07018346847479639550E-01
    4.09866286119316247660E-01    3.06452969364886973480E-01    2.62328604072301595218E-02    1.84387078141889822203E-02
   -6.09394255441701639814E-03   -1.16616033561778673078E-01   -2.22640344910842455720E-03    1.36583203155038902105E-03
   -2.51854587230299813497E-03   -8.02023954774794406442E-02   -2.85445829391329846877E-03   -5.36006531099771522247E-03
   -4.09149573721238023205E-03   -8.94943568364477692878E-02    9.09882982465944345485E-02    8.47985049387698225365E-02
    3.51350343782238158652E-02    6.46593964629009042983E-03    3.77671720225478069199E-01    1.38364045314218059302E-01
    1.04285611958957330492E-01    1.51231137388686456141E-02    8.34186877666603265880E-01    3.54421244284878145248E-01
   -3.95264100040181934337E-02   -1.92434075148711324077E-02   -1.56385885181752315454E+00    3.96634573429784531573E-01
   -8.74461123124595923750E-02    2.72211929814135259256E-03   -4.91447129856741396492E-02    3.26838229557809889503E-01
    3.58463355554250809321E-02    1.83514711795948665118E-01   -3.93460482714480419553E-01    5.12257751129516838984E-02
    6.40553527391701238436E-02    1.92092953841947050586E-02    3.72801724318685759330E-02   -2.42487342729877430880E-01
   -2.42021436580892625179E-02    2.40941116271458560805E-01    2.82011725516952915793E-01   -3.67182188685283503182E-02
   -1.23650620371062169855E-02    3.08879842014535754488E-04    9.62237172229349693731E-03   -2.46099943601670936855E-02
   -5.76420509198844431553E-03   -2.08169977835963929125E-02   -5.92079088678530429668E-02    6.97508525678157548233E-02
    7.93825994773656958871E-04   -3.27917753067713327320E-02    1.02646175347160858310E-02   -1.12578831797475274051E-02
   -1.23175092446347986264E-01    9.93307060722724288748E-03    4.01004926755019419637E-01   -1.99275794672191919332E-01
    4.66899445204341650983E-02   -4.96625247429011498768E-03    2.13425606893577118894E-01   -1.01111452349805036599E-01
    1.48006805583290546036E-01   -2.18699014449485168443E-01   -9.03434103547543637669E-02    2.92871430561147727545E-01
    1.11498114260652397833E-01    2.91294290346243545109E-01   -7.67760397400589489347E-02    2.18693475240666207471E-01
   -2.30959004855769312048E-01    1.60437597494555517566E-03   -6.68784158227058028734E-02    2.75741147905565531229E-01
    2.86750862595758606102E-04   -2.07020504897746638034E-04    9.65105225808563643719E-02
    1.61020509096285457940E-02    6.46645126060712270057E-04    1.45370392883953342134E-01
    2.45177168288996855106E-01    2.00049663359745284741E-02   -1.16264196194857016842E+00
    7.27349527429010933588E-02    2.31455775459860112545E-03   -1.65543102490840782215E-01
    4.25905910190843648572E-03    9.74538496436690021563E-02   -5.06524437175706498948E-01
   -5.33903264429394230906E-02   -7.28255548718184913398E-03    1.24282037559593730447E-01
   -1.97008788743592011539E-02    1.30280828733293052579E-01    3.70359310037336297849E-01
    1.52405596275585836219E-01    1.22596282927844267563E-02   -2.10529932124268077953E-02
    7.66687244969515013793E-02    1.66829087084873650682E-01    5.54783223152272464418E-01
   -3.44968982086316655611E-02    2.54148464521604777744E-01   -8.62679167237183491812E-02
   -1.16756420881085759556E-01   -6.15450241814442453037E-03    6.39899404726004927824E-01
   -3.44918298039214657469E-02   -5.32794327789787823535E-03    9.35936900096301510610E-02
    1.71922501774511266026E-01   -1.11084493198004868875E-01   -1.80380359742719653671E-01
    1.06648500671606666357E-01    1.77306608608658766713E-01   -1.37998594661536411188E-01
   -5.48913457801928628133E-02   -4.96474985197895707367E-03   -2.55776262924784891784E-01
    5.00439620867663248482E-01    3.68922467757991194570E-03    2.06952383654433530111E-03    1.68494099706449060099E-04
    5.54232028883535742664E-04   -2.18111507421907380166E-01   -9.15567253092431920791E-02    1.80850826715879715867E-03
   -1.22101064058578907823E-03   -1.77448593181901231874E-01   -2.12823003271321420371E-01    2.63868652958504671877E-03
    8.21157348087901478237E-04   -4.02009516408312478353E-02    2.06986240146050021194E-01    1.86685598728417251335E-01
   -1.81648157695702951392E-04    6.62847546636130199871E-03    1.20129164283984582462E-01    1.44862954512579578115E-01
   -6.13644097248923644193E-04    2.99954998214186016603E-02   -1.50102768021416088651E-01    2.56918177618497833858E-01
    1.36680813791661471580E-04   -4.46025382973487104915E-03   -8.50850310405947551917E-02    1.96073995359617614387E-01
   -2.84356545280906110627E-06    2.00437178045786751259E-04   -1.09551144925857475362E-03    2.65388306365887087371E-05
   -7.92268604251676687288E-05    2.76631779820421573948E-03   -9.58575624794819232399E-03    2.97507405492017937623E-03
    1.20087754927406351751E-05   -4.23792822442652810690E-04    1.47016601492565529390E-03    4.96653415466655027977E-03
    1.26020565906722866248E-04    1.03589851994651552247E-01   -1.22064837254586083803E-01    1.55827411616981195176E-03
   -1.59504402704398917006E-04    3.85995565418324705284E-03   -2.14595522638724826858E-02    5.40009296853637631684E-04
   -2.57766509380038351049E-04   -1.19414525564704322030E-02    2.23085141549854665093E-04   -1.04881485227239553554E-02
   -1.92055655866767610628E-04   -8.94108903233019856882E-03    1.77091644529143966372E-04    1.42042078997581238536E-02
   -2.58621431482580787543E-04   -1.44866533919065145625E-02    1.68766920253839089461E-02   -2.93410507502122545453E-04
    2.71565650279941839251E-02    4.76055238592152721311E-02    2.43216514432102355603E-02    2.34621416856788042593E-02
   -2.12080225417424599044E-02    1.56798139089337595919E-01    1.10537550288262995113E-01    1.08612497829013082695E-01
   -4.67743432949368598273E-01   -2.65698679242690916080E-01    2.35334534507193798847E-01    2.43669850284619682323E-01
   -8.62731351866041912269E-02    1.99055660064697881317E-01   -3.64767874468244712727E-01    4.00738294584461543502E-02
   -1.47858915630599607738E-01   -4.77453967429802908495E-02    6.86881920607409490742E-01    2.69178644181494397536E-01
    6.56445892513723011641E-02   -1.44269657314935711989E-01   -1.56798241277663147342E-01    3.93568579036762511425E-01
    1.07665799987633203916E-01    2.81301837265042313507E-02   -5.93276091749445483314E-02   -6.37827524543161605841E-01
    1.24643137756631127095E-04   -5.19635811305535315341E-03    5.80274933079368416926E-04    7.20044190311957470023E-04
    8.56193260986689436143E-03    4.38241515732098463332E-02    1.28125145414492210699E-02    1.38691790491608079455E-02
   -1.27432346069920746437E-03   -6.52995279271005330674E-03   -2.49253410421969474886E-03   -2.10675891369751329060E-03
   -1.01926286831547779910E-02    3.35155223748450414867E-01    2.95498965740576435834E-01    2.95241608996234472517E-01
   -3.93257785488553057718E-01   -2.65032561127974519710E-01    8.32334841615648920489E-04    5.68912053450215150774E-03
    7.42737055327512014219E-03    1.07611492819519621866E-01   -9.26115221091356431715E-03    4.45354573993829525730E-03
    7.65933274897657220132E-03    8.46969216321068474329E-02    1.23683434291269869418E-03   -1.75228264452788363992E-02
    7.77980644220394902677E-03    9.03627939903721977277E-02   -8.44141667513970128667E-02   -8.77154924841962169157E-02
    3.91040864760739820261E-02    5.01151307927893106819E-03    3.63556202095731362256E-01    1.52518230371386898092E-01
    1.10076445135244088691E-01    1.23944103388895603135E-02    8.00896903785483949001E-01    3.85386593562463075635E-01
   -6.23198670992701278526E-02   -9.71521798733573395401E-03   -1.52186955908025556283E+00    3.33344969710380911732E-01
   -8.96329096126161212199E-02   -7.60620682826537546084E-03   -5.76473394038052727728E-02    3.25640784017793949445E-01
    7.04790296523263078837E-03   -1.83336403397513503233E-01   -3.97559907929096401080E-01    4.08149582820576395381E-02
    6.93673547249135935555E-02    6.76597555336596202108E-03    4.27634411867117564254E-02   -2.41655837373591197981E-01
   -9.37808877965906097229E-03   -2.67362160681364924297E-01    3.01751831459289521220E-01   -3.10596745940150097132E-02
   -1.19617758584467399202E-02    2.44995507462702740223E-04    1.01451775910681857296E-02   -2.37955432285011404814E-02
   -9.44326320128035037738E-03    2.00347858964600653020E-02   -6.20450332185411915220E-02    6.63647965820098606482E-02
    1.51290278785733318945E-03    3.35456379959281555947E-02    8.40556940815434354419E-03   -9.55497392219754534959E-03
    8.08184890585569304378E-02   -4.25215906713697234381E-03   -4.44698340497980848518E-01    1.98830286357214947035E-01
   -2.57727987693560575688E-02    5.31822584934718480681E-03   -1.65587071926464102223E-01    7.77604739308679210330E-02
   -1.51073863784220469020E-01   -2.15873422370777529045E-01    1.03074051704515806671E-01   -2.90171818852979213066E-01
   -1.10978767892310148380E-01    2.92975664663557955336E-01    6.88751384209576739126E-02   -2.14453751096683353783E-01
    2.33299637481170885067E-01   -2.75434187464038918863E-03    6.55251262812053952844E-02   -2.71526219496425469391E-01
    1.91299504880858652935E-03   -3.42868330489684675316E-05    9.11265559522420887095E-02
    1.96877795253316244251E-02   -8.89288342844513508270E-05    1.34245181817269465530E-01
    2.37362575270504777558E-01    7.93658926142226639998E-04   -1.12740799566970983925E+00
    7.19487324158072927283E-02    3.13189588701190619116E-03   -1.60985996548099752346E-01
    1.35350494074573234754E-02   -1.00000636441496329465E-01   -5.01991622831460704290E-01
   -5.36666755946235071728E-02    5.54041452475434025721E-03    1.18094454802765327917E-01
   -8.36469458335740295718E-03   -1.33959124123207956591E-01    3.77985298628701948953E-01
    1.53133219905668499505E-01    1.00957057756410548133E-03   -2.00687956417054877423E-02
    8.69756168701074916516E-02   -1.50542804703856197834E-01    5.58466745746651449522E-01
   -1.09679311326233465407E-02   -2.57525304722009684699E-01   -8.23508839687191740442E-02
    1.20090185965133711132E-01   -2.27965493463678668326E-03   -6.41107978333256389725E-01
    2.88958034040551654809E-02    2.22366227138130236052E-03   -7.83136517672989307393E-02
   -1.60502281486406217503E-01   -1.26533123612273146197E-01    1.78209777823903292582E-01
   -1.20913391198099309798E-01    1.68279503199999708185E-01    1.28355679089396601533E-01
    5.57385332394002425138E-02    1.03105218459724891182E-03    2.52142159152676736955E-01
    5.00450110289886951342E-01    3.78246712909058009980E-03    1.62369798341430041436E-03   -3.05083770280997887067E-04
    5.73537871277092405758E-04   -2.17987241991887181758E-01   -9.20677339758683987991E-02    1.03088969556404440667E-03
   -1.30249347963787634463E-03   -1.78296564612357599788E-01   -2.08534015408545547743E-01    6.95734484239394872229E-03
    8.16693814591269175683E-04   -4.02155520045080205893E-02    2.07189901341189641748E-01    1.87442046613880669570E-01
   -1.99682323426080042886E-04    6.42242528470317406569E-03    1.21114874967801086636E-01    1.46356046186061877767E-01
   -6.11869266613339064624E-04    3.00126519731600226171E-02   -1.50884701760186812347E-01    2.56376346010989075719E-01
    1.52999528872389042172E-04   -4.29591487447401193522E-03   -8.63943674939138539504E-02    1.94900730400318328295E-01
   -3.20685516826457895224E-06    1.97346333261729753620E-04   -1.08628383615682775828E-03    3.59302109356741025659E-05
   -7.51826408263323465314E-05    2.79698914963928809904E-03   -9.73887820855815107557E-03    2.80337948195722840711E-03
    1.13155394103703176571E-05   -4.27744231122024272558E-04    1.48273534601028747840E-03    4.99172853057782642955E-03
    1.22335927980607802766E-04    1.03583296924394843708E-01   -1.22303133095341992620E-01    1.16390204635344112968E-03
   -1.98882856067164988855E-04    3.38963627282697901530E-03   -1.86068919080364936214E-02    3.67493775995407978216E-03
   -2.48497832452497264145E-04   -1.18543352133505790896E-02   -7.81781690392160786727E-05   -1.08922593023201806639E-02
   -1.84443690348095674014E-04   -8.87863692121425122916E-03   -1.15359205945635753116E-04    1.39114089933584043207E-02
   -2.48540963101940323536E-04   -1.44025969346016566308E-02    1.65423867871779019245E-02   -6.37478378894586845613E-04
    2.27256628028233709227E-02    3.62930710365981651355E-02    2.01936058456774342185E-02    2.37440851886745393773E-02
   -4.02680524145310331230E-02    1.17874335331761323498E-01    1.02421168409668070232E-01    1.08518043611915956936E-01
   -4.77136245256355950861E-01   -2.84986274134694128612E-01    2.41427975856835952406E-01    2.39599631313456906678E-01
   -8.79051517620166311673E-02    2.28452608788429767372E-01   -3.44444964014544274811E-01    4.32695194256837237234E-02
   -1.53734549277389220823E-01   -9.06521257502143906759E-02    6.89949156202707358787E-01    2.59212333979356279734E-01
    7.61955980589556491900E-02   -1.34116547072992586820E-01   -1.63946357204095144455E-01    3.97123126094082234960E-01
    1.11641905356783463499E-01    3.40144938204797880887E-02   -6.97764338969321662454E-02   -6.36913092639024513986E-01
    3.39295039321194503816E-04   -5.13469194447389257890E-03    5.70076224358718975857E-04    6.77390068322390650341E-04
    7.05461711082652244420E-03    4.61588907446755861153E-02    1.73181594488855290781E-02    1.32782823707496191318E-02
   -9.90102496055940113975E-04   -6.90323640269320613211E-03   -3.15006371163377039621E-03   -2.00179921298293019005E-03
   -2.51762260789632763558E-02    3.39290786260602439395E-01    3.30703996515588127814E-01    2.88391753024376640280E-01
   -4.10866501395697802934E-01   -3.18469530187729499282E-01   -2.64780374541874370664E-02    8.17838719593780467954E-03
    3.48902098655828798307E-03    1.13266713474140467977E-01    9.72158015709472444685E-04    3.09139228500603666441E-03
    3.14536919607939649893E-03    8.48153903247897966722E-02    9.10319088560622609319E-03   -1.84766682000507866113E-02
    1.76060232777936831808E-03    8.29706883102714204403E-02   -9.11795165938396462435E-02   -8.52004335292124714840E-02
    3.50329918583616173322E-02    1.04670487427378734388E-03    3.77709731766460665714E-01    1.38028703517583201110E-01
    1.03433020959543348072E-01    3.73748324111192447433E-03    8.33210647803982351611E-01    3.53852061199183831608E-01
   -4.45966446787508935534E-02    6.02806240104498524540E-03   -1.57382019377998960685E+00    4.00427296330555737569E-01
   -9.14455184418837413451E-02   -4.48247942614771362202E-03   -4.94277073381286236042E-02    3.26895367394894054147E-01
    3.58804548934215858380E-02   -1.79836479889155409495E-01   -3.95387699123713298732E-01    5.15967015488099575715E-02
    5.22920398819894244324E-02    4.76643967472589573375E-03    2.66673650888019746208E-02   -2.39809470236900301732E-01
   -1.00808829990577733526E-02   -2.70426546951529289675E-01    3.07566182191881032360E-01   -4.24861161383594532204E-02
   -1.23993998848428779724E-02    7.00810632266976899982E-05    9.56256803966850851828E-03   -2.46563625967290041274E-02
   -5.63710334565545052171E-03    2.09759796487711952517E-02   -6.09614435168673654553E-02    7.09640648242435834181E-02
    8.81770307734012137243E-04    3.34027580909899840522E-02    9.07363481518837916573E-03   -1.06692839110728784902E-02
    1.21390632124565606142E-01    5.41013954349308691383E-03   -4.05081596376188401987E-01    1.98799343138759382343E-01
   -4.93239686214597752856E-02    2.63963258343454919980E-03   -2.18639135399872008847E-01    1.04143330256539087819E-01
   -1.48648490954694484367E-01   -2.17108708524741123025E-01    9.61025803177034815272E-02   -2.93824511312240632677E-01
   -1.09407642466468460474E-01    2.92154543407566136271E-01    7.04877392275010949962E-02   -2.18029224914153996195E-01
    2.32403610348495770488E-01   -2.77004440813751655684E-03    6.93852764682342526559E-02   -2.76373820893382582398E-01
    3.69632339590539663043E-04   -2.05202107866688350990E-04    9.80845286010643691021E-02
    1.63498287390241685280E-02    1.84482516810816798069E-04    1.47759816768309321100E-01
    2.46220664488888435484E-01    1.09368542322329977828E-02   -1.18104795649757732257E+00
    7.29293671415205957409E-02   -1.06160693138089283374E-04   -1.66385071684848756535E-01
    8.66758977570153757441E-03    1.00229234785603124602E-01   -5.12328516985001480855E-01
   -5.33709083535082451366E-02   -7.80117383724153977409E-03    1.20445091752007432673E-01
   -1.44487623848489708106E-02    1.33685373585199995805E-01    3.87227219337383576914E-01
    1.52811784641692149922E-01    5.40718047076212127156E-03   -2.09760177390857643909E-02
    8.44305431194826427888E-02    1.55949513996769539848E-01    5.57561618736060915502E-01
   -2.25087665713752660412E-02    2.56553733215221624331E-01   -8.30368856977325014990E-02
    1.16720481686132290799E-01    6.03537394242960496815E-03   -6.45530749673100867625E-01
    3.52826747783294772387E-02    5.87279402054729474277E-04   -1.00132973242762712829E-01
   -1.66803064517042298753E-01    1.19250474590522556606E-01    1.85673785134881919046E-01
   -1.14775482781952556377E-01   -1.73522801323590630806E-01    1.35473971428078543422E-01
    5.48802242464335662819E-02    1.28253234152899591239E-03    2.59220637055764202561E-01
    2.54795841740881157111E-01    1.36861777051872107736E-01    1.12314361558757486170E-01    3.94450505819769314808E-01
    1.31953626620495950705E-01    3.15380415678911230071E-01    2.18276795026949604894E-01   -8.10902411742890905089E-01
    1.17270061665454821548E-02    8.20829021862609121973E-03   -4.44193297864755379245E-02   -1.84757280254361361260E-02
   -8.78045224011807928788E-03   -6.15946319128682275718E-03    3.29480149788438994585E-02    1.42434127794182647381E-02
    1.56683360507514690685E-01   -1.55029430965597531805E-02   -4.69509293438301000823E-01    1.53826675990645866943E-01
    6.01967645044429872092E-02   -8.06447834344314884447E-01    3.78894706807741288301E-01    4.17191048926055851886E-01
   -1.43626910406211543564E-02    7.03951475140199983693E-03   -4.32694020297393761032E-02   -1.07866175811608469570E-01
   -1.06838856777320308222E-02    6.23327642370755368589E-03   -3.30722815652273322007E-02   -8.42125868982915304350E-02
   -7.37327050994540048739E-03    1.23871925833124261335E-02   -5.67716481191309213505E-02   -9.34716481860744519139E-02
    4.49212432673536110617E-03    1.80592352924718008156E-01    3.26035387480336447119E-01   -2.41483690194618815829E-04
   -9.08561714547132144582E-03    2.55919677183764127104E-01   -6.64433176537411879226E-02    5.61209260778305647072E-04
   -4.29783928756799007975E-02   -2.01809383130547269347E-02   -5.19616128611026448225E-02   -3.11951390909478598612E-01
   -5.74082928653590618406E-02    1.50243688942165009442E-02    3.91699608861682119221E-02   -4.19428561780650244195E-01
   -3.18976042855547564647E-04   -7.90783019721818664083E-02   -1.78206807284702256622E-01    4.78783047900954565092E-04
    9.31734799439336812410E-03   -5.70617505159443857976E-02   -1.54411523579003479023E-01   -1.77309850818848919844E-03
   -2.15528029906654400305E-01    3.28873233623497518430E-01    1.33987602486296458748E-01    1.06765098290649840251E-01
    2.88560246385991536755E-01    2.43747996147565315628E-01    9.87642470830904783963E-02   -1.43723071994924178618E-01
   -5.84468162168252122583E-04   -2.01903697793417991058E-01    4.90015430310017430227E-01    3.54224068270329319700E-04
    2.20376402774027896347E-01
    4.65876147875363910700E-01
    5.43597637141906675495E-01
   -4.04002869255413510352E-01
   -5.57601011182356054441E-01
   -1.34861887459686496937E-01
    2.68129008929555323615E-01
    1.98370977348616861491E-01
    2.67382351498568093806E-01
    2.54996692895664955891E-01    1.51412315446027845312E-01    9.27446132915283466547E-02    4.00279847655250486937E-01
    1.32030283306835471979E-01    3.22763139465026493991E-01    2.21039540621559560396E-01   -8.33921679976553753555E-01
    1.17217806110354993282E-02    6.06671619497702822171E-03   -4.41004739925318842153E-02   -2.03578286652353820929E-02
   -8.77847537888564073694E-03   -4.64033354903117985224E-03    3.27081173882245029860E-02    1.47252094385336724375E-02
    1.56728017171038180866E-01   -2.85990000487116730055E-02   -4.77191589456109122036E-01    1.29019819991692485939E-01
    6.03130018942557091788E-02   -8.34193081223683630121E-01    4.33256947210140908044E-01    5.07846042149119214493E-01
   -1.44074819330004474938E-02    4.75763603384690789838E-03   -4.15321468799673410022E-02   -1.14659223684440050861E-01
   -1.06991304401180733347E-02    2.74042434222387639234E-03   -2.97149913873299177658E-02   -8.03722742727311090238E-02
   -7.40348082329319971684E-03    7.75825642098412759928E-03   -5.32895183373122971471E-02   -9.20989543908349722612E-02
    5.18337873053954963087E-03    1.81646343691178768776E-01    3.18685938445650573936E-01   -6.61247784862425573354E-05
   -9.75920555856438914910E-03    2.55003395610459759890E-01   -4.74769990128834293297E-02    1.29427338674996178156E-03
    4.24476969805002504743E-02   -2.04466499543548979601E-02   -5.43181516872315861555E-02    3.11028747773447022951E-01
    5.78066462103706615872E-02    1.48128031363459027048E-02    3.93080379342262350995E-02    4.20112381900710207816E-01
   -6.37527749615041734906E-04   -7.98003243138562939896E-02   -1.74122787133684009397E-01    3.84801635129144580395E-04
    1.04571449816110960407E-02   -5.64673344681408534429E-02   -1.87748609449061854004E-01   -2.83697746753685826199E-03
    2.13830223842177508109E-01    3.28478204666090345398E-01    1.34853376835675414780E-01   -1.06345524780580263924E-01
   -2.89813347623919304041E-01    2.44268271159946648297E-01    1.00678383487189604395E-01    1.44037283704691015940E-01
   -7.16248328868598644475E-04   -2.01275407117023352743E-01    4.92736755033931272951E-01    6.50366374423292162299E-04
    2.19353883376427499785E-01
    4.81697110157704555533E-01
    5.45434429993280511795E-01
   -4.04130256455718928077E-01
   -5.58141624065220831596E-01
   -1.63998260005516399707E-01
    2.71126204957809813223E-01
    2.01861749691840897114E-01
    2.73841143853623514293E-01
    2.54912066456997432606E-01    1.37613909303043430166E-01    1.10864365334195191792E-01    3.94633003145289984470E-01
    1.32018995698834046282E-01    3.19311471942622271403E-01    2.13633096768445329694E-01   -8.10533551261103046848E-01
    1.17308364104642594977E-02    7.97774132650343886786E-03   -4.48892901200562272068E-02   -1.86360157099853089580E-02
   -8.79009325079483164189E-03   -5.86319617654424904418E-03    3.31857149156173439342E-02    1.41558972659274195927E-02
   -1.56863051837815487000E-01    2.03001638847650177355E-02    4.70413325919080249626E-01   -1.52986375038876021293E-01
   -5.96661181503966714379E-02    8.08109444101742235844E-01   -3.93819022026835607875E-01   -4.18494162786660850450E-01
    1.43655004207076681527E-02   -6.88777754280518912655E-03    4.36280163489526362497E-02    1.08201927832373007154E-01
    1.06795086885117188752E-02   -5.93937936392477210112E-03    3.31845936636065430569E-02    8.38161417268132591385E-02
    7.33136987965758192554E-03   -1.16117541308960389723E-02    5.63444371653596259852E-02    9.33853880194076418908E-02
    3.75692724635616828732E-03    1.81115578052976372581E-01    3.25633437836969963364E-01   -2.28804532120258026550E-04
   -7.66599440323739462350E-03    2.55404157753190197422E-01   -6.56475610026973216415E-02    7.20253524806596092875E-04
   -4.29380153893719612723E-02   -2.03645664980425938895E-02   -5.15404073584269512009E-02   -3.12004040380170377667E-01
   -5.74402161140658493177E-02    1.51555127961415063431E-02    3.89948738293677404920E-02   -4.19389309732366544203E-01
    2.52403412005639514199E-04    7.96376903768130639527E-02    1.76875016978130322753E-01   -5.43985203687733106202E-04
   -7.85562026099360759257E-03    5.58628232036155539242E-02    1.59559937060582579527E-01    2.25495025330969996180E-03
    2.15409235801612558570E-01   -3.28888862513888435846E-01   -1.33848165973208255153E-01   -1.06820205947745869302E-01
   -2.88654128070974236309E-01   -2.43838243718699804186E-01   -9.88392577037038588816E-02    1.43682673366155949646E-01
    4.76941529365684140432E-04    2.01403227232307635575E-01   -4.90939384543664592009E-01   -5.02102074178454541725E-04
    2.20340911005594636274E-01
    4.65574440753022789075E-01
    5.43529965252169566803E-01
   -4.04042953876488253329E-01
    5.57706520855531406866E-01
    1.33956934943371908098E-01
   -2.68031713355568468327E-01
   -1.98326291938437593299E-01
   -2.67121433338141256453E-01
    2.55109097928847783354E-01    1.52194707497465442358E-01    9.03845644175751555816E-02    4.00533692469356994437E-01
    1.32093886697575130240E-01    3.27005189208470770090E-01    2.16649892376466479682E-01   -8.33468363494461295105E-01
    1.17255707231114485872E-02    5.78282335312322367388E-03   -4.45586340586467608005E-02   -2.07089248537917249016E-02
   -8.78805473962151334488E-03   -4.29506638581225730356E-03    3.29179664666776200521E-02    1.46999263663827005322E-02
   -1.56905410398409217443E-01    3.42013038650536005392E-02    4.78206192252442485735E-01   -1.27391700631426463275E-01
   -5.97839713241382006426E-02    8.34658246418916172082E-01   -4.50041977858674224766E-01   -5.10629957607931728170E-01
    1.44098580820372600131E-02   -4.58932021174495059779E-03    4.18082568492173095587E-02    1.15300878556730865276E-01
    1.06946527426346211370E-02   -2.40053779407482922523E-03    2.96268392207814472428E-02    7.99234512723387136024E-02
    7.36153422161881908908E-03   -6.86402274194496033605E-03    5.25646736613553031137E-02    9.19068099030042745534E-02
    6.22355071412840268191E-03    1.82413132937986111060E-01    3.18077357290124762557E-01   -4.65715446624867754366E-05
   -1.18024503230331131998E-02    2.54096768993007426918E-01   -4.62682257247024192326E-02    1.10952327825755334666E-03
    4.23667143262941719994E-02   -2.06348856566331215201E-02   -5.39035565469067265432E-02    3.11107041928122440844E-01
    5.78641261203576770522E-02    1.49582737181533764054E-02    3.91038885995960219799E-02    4.20054451491256530815E-01
    8.61499362350396486430E-04    8.04730313608884584298E-02    1.72519383429130673813E-01   -3.06800070676680955439E-04
   -1.28672813010077234652E-02    5.47488595467100769287E-02    1.94225915194463000235E-01    2.36152306826052128808E-03
   -2.13609557276146611038E-01   -3.28498835002076050582E-01   -1.34650214756621561252E-01    1.06390551727757035061E-01
    2.89965442049009536341E-01   -2.44338430183614174762E-01   -1.00780718084826304004E-01   -1.44003874003186288499E-01
    8.07433725247733375188E-04    2.00666344163966503533E-01   -4.93830736313565055173E-01   -5.34592820667535413917E-04
    2.19392383197824614172E-01
    4.81126875190022673667E-01
    5.45329102074460281280E-01
   -4.04178762591042739505E-01
    5.58148282530561368198E-01
    1.63061391644048536698E-01
   -2.70986978202243933289E-01
   -2.01780622024503752954E-01
   -2.73625315805292479432E-01
    5.00439991602565914519E-01    3.65442464654309410316E-03    1.84211263768173242120E-03    4.64797698760234057145E-04
    5.54966316333373611142E-04   -2.18146404527420095798E-01   -9.15537132129989050799E-02    6.08902117786229370340E-04
   -1.22185179036239785141E-03   -1.76987216421159637703E-01   -2.09369699268820264049E-01   -4.69148213725880704195E-03
    8.21212610181232998199E-04   -4.01788733906935924267E-02    2.05331696544577529950E-01    1.88105292481916208658E-01
   -1.82096005048178373204E-04    6.80051602869981459965E-03    1.20076821569540567736E-01    1.44288964912670569785E-01
   -6.12861789162366557386E-04    2.99735173766456468314E-02   -1.51977921292455325775E-01    2.54116083333745745865E-01
    1.34031671486372803374E-04   -4.89541610071805768228E-03   -8.91493270645661861629E-02    1.98207397811779262309E-01
   -2.84791657993312959002E-06    2.01405116392392970681E-04   -1.08980879447691551484E-03    4.97072034122050776631E-06
   -7.93824966219886971833E-05    2.72723038183830899378E-03   -9.80961492951261393447E-03    3.12953594374266270625E-03
    1.19256673936288175677E-05   -4.24145821942773025136E-04    1.43166444764460608872E-03    4.96443177493502245390E-03
   -1.25845302979401684352E-04   -1.03655046985168433626E-01    1.21377149711867707294E-01    2.63603103720083740535E-04
    1.58986458218890659060E-04   -4.11417113401154992125E-03    1.96633791576612884655E-02    2.88846349241290469012E-03
    2.58098366777147019118E-04    1.20114713380583340574E-02    8.05098385124576132552E-05    9.86084616611059873448E-03
    1.91498941334354040979E-04    8.93816109991142464242E-03   -7.43492039421692936388E-05   -1.40625741034867933477E-02
    2.58758576721769507564E-04    1.45532070283869146426E-02   -1.64498702995586575104E-02   -4.40355935036267347616E-04
    2.69172399017836780355E-02    4.64158770081853563894E-02    2.45664836560844888902E-02    2.02399930223852025923E-02
   -2.22823503503851647056E-02    1.52699969044462757761E-01    1.20648972082652697346E-01    9.15879230728814386353E-02
   -4.69116401282947348417E-01   -2.68557628930360114961E-01    2.78256727071044873689E-01    1.97844907309061762701E-01
   -8.62064937287999322191E-02    1.93894965972626787121E-01   -6.39849331148465653302E-03   -3.70370678684840914929E-01
   -1.48882419950837868727E-01   -5.07525961130232128315E-02    3.65016333587228514190E-01    6.38212070642188655789E-01
    5.49307342286410940635E-02   -1.65968037806581120153E-01    3.54348566358088590267E-01   -2.13793475908136965113E-01
    1.11028194928330090074E-01    5.77335264910940615390E-02   -6.45107289598232935823E-01    4.29165182909614570383E-02
    4.59426431914820371715E-05   -5.21797301824115846575E-03    4.76346940080529150999E-04    5.12372921417970548195E-04
    8.95422642451285458187E-03    4.32875558707580335160E-02    1.68935824009303417470E-02    9.36030150138207964194E-03
   -1.42575097060563160851E-03   -6.63756110472686969293E-03   -1.79772863874851757636E-03   -2.12223361712024494174E-03
    1.08722148523053771529E-02   -3.19978819455971674746E-01   -3.63543418054572742282E-01   -2.38397237474970546955E-01
    3.91126433456678468392E-01    2.55327339880630221902E-01    1.59008951188619913897E-02   -7.12462672021618378948E-03
   -9.46607574848110609744E-03   -1.10216834710841996015E-01    3.47447556638748279376E-03    9.90758323209678729016E-03
   -6.91946052771154600930E-03   -8.11086176450895174339E-02   -3.13895501651053341393E-04    7.22398108227713430310E-04
   -9.50082032357663260058E-03   -9.40220615136775350607E-02    9.77834715557498040939E-02    6.96282787966869820551E-02
    3.88377242920480425514E-02    1.36668713529222241379E-03    3.63943025746880310933E-01    1.52466367860320667349E-01
    1.09529636029537788544E-01    4.12054406310249574097E-03    8.02667830672782578461E-01    3.85164643701686848498E-01
   -6.05644798457558378169E-02    1.53841797847475785475E-03   -1.51524875411131065839E+00    3.31900526775506132804E-01
   -8.78082477821117979300E-02    6.20799348255016668341E-03   -5.73097996344647461764E-02    3.25575729975113081771E-01
    6.08126132492064781082E-03    1.89639579528412566267E-01   -3.95781548347923450848E-01    4.08380495437592333507E-02
    7.23476345547188481877E-02    1.68335504190905253796E-02    5.07032366559704364417E-02   -2.43458412271674085048E-01
   -1.28467023562858113916E-02    2.36283152081935371447E-01    2.81321989713154418933E-01   -2.72631018440038126738E-02
   -1.19625435352238591175E-02    5.00310643244409179622E-05    1.01793039948881881146E-02   -2.37769868190722127865E-02
   -9.47398520146618475235E-03   -1.94787398926346659589E-02   -6.06950475348786572249E-02    6.57061947269554219586E-02
    1.48073368713849164158E-03   -3.29928846079938081770E-02    9.33961516978906204633E-03   -9.98700252866705981414E-03
   -8.12813050778525281181E-02   -3.94810226938107147743E-03    4.40125353318217449328E-01   -1.99248928819084208941E-01
    2.52760629698631222873E-02   -8.02122837362604984221E-04    1.62932680091447762427E-01   -7.60336444110985831824E-02
    1.50873398738407465958E-01   -2.17034707532578557965E-01   -9.80961102155269853986E-02    2.89523920076965535220E-01
    1.11586124125535465779E-01    2.92677375737332379213E-01   -7.42195063903896834479E-02    2.14974287834551164300E-01
   -2.33043907960738372331E-01    1.43021138863220435150E-03   -6.35707866009418837150E-02    2.71134773428933328887E-01
    1.83530764728188130336E-03   -2.42670463832195747959E-04    9.00930277807546753266E-02
    1.94725642890126310336E-02   -4.45720895656462226357E-04    1.32848903168751419912E-01
    2.36843812341961668100E-01    1.89462544980491189202E-03   -1.11386061769269639754E+00
    7.17664695965560123225E-02    3.45596941681861535497E-03   -1.60599962845762223029E-01
    1.24284260278269709926E-02   -9.71016040242191763587E-02   -4.97135739351642624850E-01
   -5.36541801861688816278E-02    3.01123856318604365620E-03    1.21717924504750218961E-01
   -9.19085481040151329457E-03   -1.31158858915810028201E-01    3.63182343305082699914E-01
    1.53117553410416107340E-01   -3.20131578970986416677E-04   -2.01961563769072552366E-02
    8.58408512291157638208E-02   -1.57986337581989239043E-01    5.55867698078628680314E-01
   -1.37351123062076137943E-02   -2.56431740188612089515E-01   -8.53484094961697581372E-02
   -1.19889552016258352229E-01   -1.40202163844788054055E-03    6.36040151163852152116E-01
   -2.86093718302463488612E-02    4.29924740571348967810E-04    7.38469375817196599376E-02
    1.61569943616196642910E-01    1.24766022279306318388E-01   -1.73885914591516671512E-01
    1.19118937569625937822E-01   -1.67961499225954602466E-01   -1.31086948270811270989E-01
   -5.59813102134493756346E-02    7.51481251251860486728E-04   -2.49437574408948620208E-01
    5.00450300495547284463E-01    3.73864323890831049685E-03    1.37463153501870172409E-03   -1.70214754231620423754E-05
    5.73993233444372629240E-04   -2.18037550110406153081E-01   -9.20840578462415876304E-02    1.35664168474366585854E-04
   -1.30110813809849730320E-03   -1.77755735451970237060E-01   -2.04839096024961891951E-01    6.42311323544139407132E-04
    8.16897157843397879809E-04   -4.01906413982927174233E-02    2.05479912359361693852E-01   -1.88962839241805846680E-01
   -1.99459847970286872345E-04    6.61425591230570784906E-03    1.21074238549523968689E-01   -1.45780524989760046362E-01
   -6.10738673874529520991E-04    2.99908211698311361060E-02   -1.52793618653828983112E-01   -2.53560375835468476691E-01
    1.48532578523245768288E-04   -4.75196320340776079405E-03   -9.05314435260061167732E-02   -1.97066600349531079184E-01
   -3.20276073884592349028E-06    1.98555602978308910972E-04   -1.07959924196947927230E-03   -1.33082451752848190490E-05
   -7.56135930595561313967E-05    2.75467105677742194261E-03   -9.96963555623103965531E-03   -2.96253169171124038778E-03
    1.12155326199579852384E-05   -4.27744002671294151242E-04    1.44469498529199410000E-03   -4.98985483540761651233E-03
   -1.22656951024857781805E-04   -1.03650302658183840476E-01    1.21609604594927242505E-01   -7.05429284988609572871E-04
    1.97336150182411207768E-04   -3.69021025326878504211E-03    1.66653643253300287608E-02    1.15406156191324033846E-04
    2.49275179552165861152E-04    1.19332091142144262885E-02    4.04978611194804251350E-04   -1.02348529026196032043E-02
    1.83848220613490575528E-04    8.88113485260004324739E-03    2.35267927021201307377E-04    1.37900094552485981414E-02
    2.49070629962425539421E-04    1.44777650192374068849E-02   -1.60935924578540778818E-02    1.23922750333692012958E-04
    2.27330772294443879400E-02    3.57122965653222795845E-02    2.04517063228134739206E-02    1.90417063372772844831E-02
   -4.08384524313417721086E-02    1.14601525028993414534E-01    1.05168040340992849369E-01    9.66618296735858167912E-02
   -4.80872984680468740226E-01   -2.94404775102160787270E-01    2.51579371050059841242E-01    2.32195850513121609948E-01
   -8.74988832280086947790E-02    2.18687771258154528553E-01    4.48172012414515402723E-02   -3.51969626194779672268E-01
   -1.55342101981977953606E-01   -9.44708314425427020389E-02    2.84989076869416047000E-01    6.77161324939074438234E-01
    6.42079023333913118110E-02   -1.67173319715442719735E-01    3.72545167701817114825E-01   -1.82557659445707204382E-01
    1.17057219241803442400E-01    8.03033025615550039022E-02   -6.44081586404632977505E-01   -3.34626806730584022698E-02
    2.41193155759433216839E-04   -5.19343489812888487595E-03    4.32045685124362395437E-04    5.10669970733070152299E-04
    7.63250875370320280150E-03    4.53722991404798756121E-02    1.70908721229461220414E-02    1.50661445438467437447E-02
   -1.16917852964081568114E-03   -7.05602604312579283208E-03   -1.78568075422115796029E-03   -2.91923476815242159688E-03
    2.56624273164206169462E-02   -3.17408011174411475164E-01   -3.41212522523523187346E-01   -3.07018346847479639550E-01
    4.09866286119316247660E-01    3.06452969364886973480E-01    2.62328604072301595218E-02    1.84387078141889822203E-02
   -6.09394255441701639814E-03   -1.16616033561778673078E-01   -2.22640344910842455720E-03    1.36583203155038902105E-03
   -2.51854587230299813497E-03   -8.02023954774794406442E-02   -2.85445829391329846877E-03   -5.36006531099771522247E-03
   -4.09149573721238023205E-03   -8.94943568364477692878E-02    9.09882982465944345485E-02    8.47985049387698225365E-02
    3.51350343782238158652E-02    6.46593964629009042983E-03    3.77671720225478069199E-01    1.38364045314218059302E-01
    1.04285611958957330492E-01    1.51231137388686456141E-02    8.34186877666603265880E-01    3.54421244284878145248E-01
   -3.95264100040181934337E-02   -1.92434075148711324077E-02   -1.56385885181752315454E+00    3.96634573429784531573E-01
   -8.74461123124595923750E-02    2.72211929814135259256E-03   -4.91447129856741396492E-02    3.26838229557809889503E-01
    3.58463355554250809321E-02    1.83514711795948665118E-01   -3.93460482714480419553E-01    5.12257751129516838984E-02
    6.40553527391701238436E-02    1.92092953841947050586E-02    3.72801724318685759330E-02   -2.42487342729877430880E-01
   -2.42021436580892625179E-02    2.40941116271458560805E-01    2.82011725516952915793E-01   -3.67182188685283503182E-02
   -1.23650620371062169855E-02    3.08879842014535754488E-04    9.62237172229349693731E-03   -2.46099943601670936855E-02
   -5.76420509198844431553E-03   -2.08169977835963929125E-02   -5.92079088678530429668E-02    6.97508525678157548233E-02
    7.93825994773656958871E-04   -3.27917753067713327320E-02    1.02646175347160858310E-02   -1.12578831797475274051E-02
   -1.23175092446347986264E-01    9.93307060722724288748E-03    4.01004926755019419637E-01   -1.99275794672191919332E-01
    4.66899445204341650983E-02   -4.96625247429011498768E-03    2.13425606893577118894E-01   -1.01111452349805036599E-01
    1.48006805583290546036E-01   -2.18699014449485168443E-01   -9.03434103547543637669E-02    2.92871430561147727545E-01
    1.11498114260652397833E-01    2.91294290346243545109E-01   -7.67760397400589489347E-02    2.18693475240666207471E-01
   -2.30959004855769312048E-01    1.60437597494555517566E-03   -6.68784158227058028734E-02    2.75741147905565531229E-01
    2.86750862595758606102E-04   -2.07020504897746638034E-04    9.65105225808563643719E-02
    1.61020509096285457940E-02    6.46645126060712270057E-04    1.45370392883953342134E-01
    2.45177168288996855106E-01    2.00049663359745284741E-02   -1.16264196194857016842E+00
    7.27349527429010933588E-02    2.31455775459860112545E-03   -1.65543102490840782215E-01
    4.25905910190843648572E-03    9.74538496436690021563E-02   -5.06524437175706498948E-01
   -5.33903264429394230906E-02   -7.28255548718184913398E-03    1.24282037559593730447E-01
   -1.97008788743592011539E-02    1.30280828733293052579E-01    3.70359310037336297849E-01
    1.52405596275585836219E-01    1.22596282927844267563E-02   -2.10529932124268077953E-02
    7.66687244969515013793E-02    1.66829087084873650682E-01    5.54783223152272464418E-01
   -3.44968982086316655611E-02    2.54148464521604777744E-01   -8.62679167237183491812E-02
   -1.16756420881085759556E-01   -6.15450241814442453037E-03    6.39899404726004927824E-01
   -3.44918298039214657469E-02   -5.32794327789787823535E-03    9.35936900096301510610E-02
    1.71922501774511266026E-01   -1.11084493198004868875E-01   -1.80380359742719653671E-01
    1.06648500671606666357E-01    1.77306608608658766713E-01   -1.37998594661536411188E-01
   -5.48913457801928628133E-02   -4.96474985197895707367E-03   -2.55776262924784891784E-01
    5.00439620867663248482E-01    3.68922467757991194570E-03    2.06952383654433530111E-03    1.68494099706449060099E-04
    5.54232028883535742664E-04   -2.18111507421907380166E-01   -9.15567253092431920791E-02    1.80850826715879715867E-03
   -1.22101064058578907823E-03   -1.77448593181901231874E-01   -2.12823003271321420371E-01    2.63868652958504671877E-03
    8.21157348087901478237E-04   -4.02009516408312478353E-02    2.06986240146050021194E-01    1.86685598728417251335E-01
   -1.81648157695702951392E-04    6.62847546636130199871E-03    1.20129164283984582462E-01    1.44862954512579578115E-01
   -6.13644097248923644193E-04    2.99954998214186016603E-02   -1.50102768021416088651E-01    2.56918177618497833858E-01
    1.36680813791661471580E-04   -4.46025382973487104915E-03   -8.50850310405947551917E-02    1.96073995359617614387E-01
   -2.84356545280906110627E-06    2.00437178045786751259E-04   -1.09551144925857475362E-03    2.65388306365887087371E-05
   -7.92268604251676687288E-05    2.76631779820421573948E-03   -9.58575624794819232399E-03    2.97507405492017937623E-03
    1.20087754927406351751E-05   -4.23792822442652810690E-04    1.47016601492565529390E-03    4.96653415466655027977E-03
    1.26020565906722866248E-04    1.03589851994651552247E-01   -1.22064837254586083803E-01    1.55827411616981195176E-03
   -1.59504402704398917006E-04    3.85995565418324705284E-03   -2.14595522638724826858E-02    5.40009296853637631684E-04
   -2.57766509380038351049E-04   -1.19414525564704322030E-02    2.23085141549854665093E-04   -1.04881485227239553554E-02
   -1.92055655866767610628E-04   -8.94108903233019856882E-03    1.77091644529143966372E-04    1.42042078997581238536E-02
   -2.58621431482580787543E-04   -1.44866533919065145625E-02    1.68766920253839089461E-02   -2.93410507502122545453E-04
    2.71565650279941839251E-02    4.76055238592152721311E-02    2.43216514432102355603E-02    2.34621416856788042593E-02
   -2.12080225417424599044E-02    1.56798139089337595919E-01    1.10537550288262995113E-01    1.08612497829013082695E-01
   -4.67743432949368598273E-01   -2.65698679242690916080E-01    2.35334534507193798847E-01    2.43669850284619682323E-01
   -8.62731351866041912269E-02    1.99055660064697881317E-01   -3.64767874468244712727E-01    4.00738294584461543502E-02
   -1.47858915630599607738E-01   -4.77453967429802908495E-02    6.86881920607409490742E-01    2.69178644181494397536E-01
    6.56445892513723011641E-02   -1.44269657314935711989E-01   -1.56798241277663147342E-01    3.93568579036762511425E-01
    1.07665799987633203916E-01    2.81301837265042313507E-02   -5.93276091749445483314E-02   -6.37827524543161605841E-01
    1.24643137756631127095E-04   -5.19635811305535315341E-03    5.80274933079368416926E-04    7.20044190311957470023E-04
    8.56193260986689436143E-03    4.38241515732098463332E-02    1.28125145414492210699E-02    1.38691790491608079455E-02
   -1.27432346069920746437E-03   -6.52995279271005330674E-03   -2.49253410421969474886E-03   -2.10675891369751329060E-03
   -1.01926286831547779910E-02    3.35155223748450414867E-01    2.95498965740576435834E-01    2.95241608996234472517E-01
   -3.93257785488553057718E-01   -2.65032561127974519710E-01    8.32334841615648920489E-04    5.68912053450215150774E-03
    7.42737055327512014219E-03    1.07611492819519621866E-01   -9.26115221091356431715E-03    4.45354573993829525730E-03
    7.65933274897657220132E-03    8.46969216321068474329E-02    1.23683434291269869418E-03   -1.75228264452788363992E-02
    7.77980644220394902677E-03    9.03627939903721977277E-02   -8.44141667513970128667E-02   -8.77154924841962169157E-02
    3.91040864760739820261E-02    5.01151307927893106819E-03    3.63556202095731362256E-01    1.52518230371386898092E-01
    1.10076445135244088691E-01    1.23944103388895603135E-02    8.00896903785483949001E-01    3.85386593562463075635E-01
   -6.23198670992701278526E-02   -9.71521798733573395401E-03   -1.52186955908025556283E+00    3.33344969710380911732E-01
   -8.96329096126161212199E-02   -7.60620682826537546084E-03   -5.76473394038052727728E-02    3.25640784017793949445E-01
    7.04790296523263078837E-03   -1.83336403397513503233E-01   -3.97559907929096401080E-01    4.08149582820576395381E-02
    6.93673547249135935555E-02    6.76597555336596202108E-03    4.27634411867117564254E-02   -2.41655837373591197981E-01
   -9.37808877965906097229E-03   -2.67362160681364924297E-01    3.01751831459289521220E-01   -3.10596745940150097132E-02
   -1.19617758584467399202E-02    2.44995507462702740223E-04    1.01451775910681857296E-02   -2.37955432285011404814E-02
   -9.44326320128035037738E-03    2.00347858964600653020E-02   -6.20450332185411915220E-02    6.63647965820098606482E-02
    1.51290278785733318945E-03    3.35456379959281555947E-02    8.40556940815434354419E-03   -9.55497392219754534959E-03
    8.08184890585569304378E-02   -4.25215906713697234381E-03   -4.44698340497980848518E-01    1.98830286357214947035E-01
   -2.57727987693560575688E-02    5.31822584934718480681E-03   -1.65587071926464102223E-01    7.77604739308679210330E-02
   -1.51073863784220469020E-01   -2.15873422370777529045E-01    1.03074051704515806671E-01   -2.90171818852979213066E-01
   -1.10978767892310148380E-01    2.92975664663557955336E-01    6.88751384209576739126E-02   -2.14453751096683353783E-01
    2.33299637481170885067E-01   -2.75434187464038918863E-03    6.55251262812053952844E-02   -2.71526219496425469391E-01
    1.91299504880858652935E-03   -3.42868330489684675316E-05    9.11265559522420887095E-02
    1.96877795253316244251E-02   -8.89288342844513508270E-05    1.34245181817269465530E-01
    2.37362575270504777558E-01    7.93658926142226639998E-04   -1.12740799566970983925E+00
    7.19487324158072927283E-02    3.13189588701190619116E-03   -1.60985996548099752346E-01
    1.35350494074573234754E-02   -1.00000636441496329465E-01   -5.01991622831460704290E-01
   -5.36666755946235071728E-02    5.54041452475434025721E-03    1.18094454802765327917E-01
   -8.36469458335740295718E-03   -1.33959124123207956591E-01    3.77985298628701948953E-01
    1.53133219905668499505E-01    1.00957057756410548133E-03   -2.00687956417054877423E-02
    8.69756168701074916516E-02   -1.50542804703856197834E-01    5.58466745746651449522E-01
   -1.09679311326233465407E-02   -2.57525304722009684699E-01   -8.23508839687191740442E-02
    1.20090185965133711132E-01   -2.27965493463678668326E-03   -6.41107978333256389725E-01
    2.88958034040551654809E-02    2.22366227138130236052E-03   -7.83136517672989307393E-02
   -1.60502281486406217503E-01   -1.26533123612273146197E-01    1.78209777823903292582E-01
   -1.20913391198099309798E-01    1.68279503199999708185E-01    1.28355679089396601533E-01
    5.57385332394002425138E-02    1.03105218459724891182E-03    2.52142159152676736955E-01
    5.00450110289886951342E-01    3.78246712909058009980E-03    1.62369798341430041436E-03   -3.05083770280997887067E-04
    5.73537871277092405758E-04   -2.17987241991887181758E-01   -9.20677339758683987991E-02    1.03088969556404440667E-03
   -1.30249347963787634463E-03   -1.78296564612357599788E-01   -2.08534015408545547743E-01    6.95734484239394872229E-03
    8.16693814591269175683E-04   -4.02155520045080205893E-02    2.07189901341189641748E-01    1.87442046613880669570E-01
   -1.99682323426080042886E-04    6.42242528470317406569E-03    1.21114874967801086636E-01    1.46356046186061877767E-01
   -6.11869266613339064624E-04    3.00126519731600226171E-02   -1.50884701760186812347E-01    2.56376346010989075719E-01
    1.52999528872389042172E-04   -4.29591487447401193522E-03   -8.63943674939138539504E-02    1.94900730400318328295E-01
   -3.20685516826457895224E-06    1.97346333261729753620E-04   -1.08628383615682775828E-03    3.59302109356741025659E-05
   -7.51826408263323465314E-05    2.79698914963928809904E-03   -9.73887820855815107557E-03    2.80337948195722840711E-03
    1.13155394103703176571E-05   -4.27744231122024272558E-04    1.48273534601028747840E-03    4.99172853057782642955E-03
    1.22335927980607802766E-04    1.03583296924394843708E-01   -1.22303133095341992620E-01    1.16390204635344112968E-03
   -1.98882856067164988855E-04    3.38963627282697901530E-03   -1.86068919080364936214E-02    3.67493775995407978216E-03
   -2.48497832452497264145E-04   -1.18543352133505790896E-02   -7.81781690392160786727E-05   -1.08922593023201806639E-02
   -1.84443690348095674014E-04   -8.87863692121425122916E-03   -1.15359205945635753116E-04    1.39114089933584043207E-02
   -2.48540963101940323536E-04   -1.44025969346016566308E-02    1.65423867871779019245E-02   -6.37478378894586845613E-04
    2.27256628028233709227E-02    3.62930710365981651355E-02    2.01936058456774342185E-02    2.37440851886745393773E-02
   -4.02680524145310331230E-02    1.17874335331761323498E-01    1.02421168409668070232E-01    1.08518043611915956936E-01
   -4.77136245256355950861E-01   -2.84986274134694128612E-01    2.41427975856835952406E-01    2.39599631313456906678E-01
   -8.79051517620166311673E-02    2.28452608788429767372E-01   -3.44444964014544274811E-01    4.32695194256837237234E-02
   -1.53734549277389220823E-01   -9.06521257502143906759E-02    6.89949156202707358787E-01    2.59212333979356279734E-01
    7.61955980589556491900E-02   -1.34116547072992586820E-01   -1.63946357204095144455E-01    3.97123126094082234960E-01
    1.11641905356783463499E-01    3.40144938204797880887E-02   -6.97764338969321662454E-02   -6.36913092639024513986E-01
    3.39295039321194503816E-04   -5.13469194447389257890E-03    5.70076224358718975857E-04    6.77390068322390650341E-04
    7.05461711082652244420E-03    4.61588907446755861153E-02    1.73181594488855290781E-02    1.32782823707496191318E-02
   -9.90102496055940113975E-04   -6.90323640269320613211E-03   -3.15006371163377039621E-03   -2.00179921298293019005E-03
   -2.51762260789632763558E-02    3.39290786260602439395E-01    3.30703996515588127814E-01    2.88391753024376640280E-01
   -4.10866501395697802934E-01   -3.18469530187729499282E-01   -2.64780374541874370664E-02    8.17838719593780467954E-03
    3.48902098655828798307E-03    1.13266713474140467977E-01    9.72158015709472444685E-04    3.09139228500603666441E-03
    3.14536919607939649893E-03    8.48153903247897966722E-02    9.10319088560622609319E-03   -1.84766682000507866113E-02
    1.76060232777936831808E-03    8.29706883102714204403E-02   -9.11795165938396462435E-02   -8.52004335292124714840E-02
    3.50329918583616173322E-02    1.04670487427378734388E-03    3.77709731766460665714E-01    1.38028703517583201110E-01
    1.03433020959543348072E-01    3.73748324111192447433E-03    8.33210647803982351611E-01    3.53852061199183831608E-01
   -4.45966446787508935534E-02    6.02806240104498524540E-03   -1.57382019377998960685E+00    4.00427296330555737569E-01
   -9.14455184418837413451E-02   -4.48247942614771362202E-03   -4.94277073381286236042E-02    3.26895367394894054147E-01
    3.58804548934215858380E-02   -1.79836479889155409495E-01   -3.95387699123713298732E-01    5.15967015488099575715E-02
    5.22920398819894244324E-02    4.76643967472589573375E-03    2.66673650888019746208E-02   -2.39809470236900301732E-01
   -1.00808829990577733526E-02   -2.70426546951529289675E-01    3.07566182191881032360E-01   -4.24861161383594532204E-02
   -1.23993998848428779724E-02    7.00810632266976899982E-05    9.56256803966850851828E-03   -2.46563625967290041274E-02
   -5.63710334565545052171E-03    2.09759796487711952517E-02   -6.09614435168673654553E-02    7.09640648242435834181E-02
    8.81770307734012137243E-04    3.34027580909899840522E-02    9.07363481518837916573E-03   -1.06692839110728784902E-02
    1.21390632124565606142E-01    5.41013954349308691383E-03   -4.05081596376188401987E-01    1.98799343138759382343E-01
   -4.93239686214597752856E-02    2.63963258343454919980E-03   -2.18639135399872008847E-01    1.04143330256539087819E-01
   -1.48648490954694484367E-01   -2.17108708524741123025E-01    9.61025803177034815272E-02   -2.93824511312240632677E-01
   -1.09407642466468460474E-01    2.92154543407566136271E-01    7.04877392275010949962E-02   -2.18029224914153996195E-01
    2.32403610348495770488E-01   -2.77004440813751655684E-03    6.93852764682342526559E-02   -2.76373820893382582398E-01
    3.69632339590539663043E-04   -2.05202107866688350990E-04    9.80845286010643691021E-02
    1.63498287390241685280E-02    1.84482516810816798069E-04    1.47759816768309321100E-01
    2.46220664488888435484E-01    1.09368542322329977828E-02   -1.18104795649757732257E+00
    7.29293671415205957409E-02   -1.06160693138089283374E-04   -1.66385071684848756535E-01
    8.66758977570153757441E-03    1.00229234785603124602E-01   -5.12328516985001480855E-01
   -5.33709083535082451366E-02   -7.80117383724153977409E-03    1.20445091752007432673E-01
   -1.44487623848489708106E-02    1.33685373585199995805E-01    3.87227219337383576914E-01
    1.52811784641692149922E-01    5.40718047076212127156E-03   -2.09760177390857643909E-02
    8.44305431194826427888E-02    1.55949513996769539848E-01    5.57561618736060915502E-01
   -2.25087665713752660412E-02    2.56553733215221624331E-01   -8.30368856977325014990E-02
    1.16720481686132290799E-01    6.03537394242960496815E-03   -6.45530749673100867625E-01
    3.52826747783294772387E-02    5.87279402054729474277E-04   -1.00132973242762712829E-01
   -1.66803064517042298753E-01    1.19250474590522556606E-01    1.85673785134881919046E-01
   -1.14775482781952556377E-01   -1.73522801323590630806E-01    1.35473971428078543422E-01
    5.48802242464335662819E-02    1.28253234152899591239E-03    2.59220637055764202561E-01
    2.54795841740881157111E-01    1.36861777051872107736E-01    1.12314361558757486170E-01    3.94450505819769314808E-01
    1.31953626620495950705E-01    3.15380415678911230071E-01    2.18276795026949604894E-01   -8.10902411742890905089E-01
    1.17270061665454821548E-02    8.20829021862609121973E-03   -4.44193297864755379245E-02   -1.84757280254361361260E-02
   -8.78045224011807928788E-03   -6.15946319128682275718E-03    3.29480149788438994585E-02    1.42434127794182647381E-02
    1.56683360507514690685E-01   -1.55029430965597531805E-02   -4.69509293438301000823E-01    1.53826675990645866943E-01
    6.01967645044429872092E-02   -8.06447834344314884447E-01    3.78894706807741288301E-01    4.17191048926055851886E-01
   -1.43626910406211543564E-02    7.03951475140199983693E-03   -4.32694020297393761032E-02   -1.07866175811608469570E-01
   -1.06838856777320308222E-02    6.23327642370755368589E-03   -3.30722815652273322007E-02   -8.42125868982915304350E-02
   -7.37327050994540048739E-03    1.23871925833124261335E-02   -5.67716481191309213505E-02   -9.34716481860744519139E-02
    4.49212432673536110617E-03    1.80592352924718008156E-01    3.26035387480336447119E-01   -2.41483690194618815829E-04
   -9.08561714547132144582E-03    2.55919677183764127104E-01   -6.64433176537411879226E-02    5.61209260778305647072E-04
   -4.29783928756799007975E-02   -2.01809383130547269347E-02   -5.19616128611026448225E-02   -3.11951390909478598612E-01
   -5.74082928653590618406E-02    1.50243688942165009442E-02    3.91699608861682119221E-02   -4.19428561780650244195E-01
   -3.18976042855547564647E-04   -7.90783019721818664083E-02   -1.78206807284702256622E-01    4.78783047900954565092E-04
    9.31734799439336812410E-03   -5.70617505159443857976E-02   -1.54411523579003479023E-01   -1.77309850818848919844E-03
   -2.15528029906654400305E-01    3.28873233623497518430E-01    1.33987602486296458748E-01    1.06765098290649840251E-01
    2.88560246385991536755E-01    2.43747996147565315628E-01    9.87642470830904783963E-02   -1.43723071994924178618E-01
   -5.84468162168252122583E-04   -2.01903697793417991058E-01    4.90015430310017430227E-01    3.54224068270329319700E-04
    2.20376402774027896347E-01
    4.65876147875363910700E-01
    5.43597637141906675495E-01
   -4.04002869255413510352E-01
   -5.57601011182356054441E-01
   -1.34861887459686496937E-01
    2.68129008929555323615E-01
    1.98370977348616861491E-01
    2.67382351498568093806E-01
    2.54996692895664955891E-01    1.51412315446027845312E-01    9.27446132915283466547E-02    4.00279847655250486937E-01
    1.32030283306835471979E-01    3.22763139465026493991E-01    2.21039540621559560396E-01   -8.33921679976553753555E-01
    1.17217806110354993282E-02    6.06671619497702822171E-03   -4.41004739925318842153E-02   -2.03578286652353820929E-02
   -8.77847537888564073694E-03   -4.64033354903117985224E-03    3.27081173882245029860E-02    1.47252094385336724375E-02
    1.56728017171038180866E-01   -2.85990000487116730055E-02   -4.77191589456109122036E-01    1.29019819991692485939E-01
    6.03130018942557091788E-02   -8.34193081223683630121E-01    4.33256947210140908044E-01    5.07846042149119214493E-01
   -1.44074819330004474938E-02    4.75763603384690789838E-03   -4.15321468799673410022E-02   -1.14659223684440050861E-01
   -1.06991304401180733347E-02    2.74042434222387639234E-03   -2.97149913873299177658E-02   -8.03722742727311090238E-02
   -7.40348082329319971684E-03    7.75825642098412759928E-03   -5.32895183373122971471E-02   -9.20989543908349722612E-02
    5.18337873053954963087E-03    1.81646343691178768776E-01    3.18685938445650573936E-01   -6.61247784862425573354E-05
   -9.75920555856438914910E-03    2.55003395610459759890E-01   -4.74769990128834293297E-02    1.29427338674996178156E-03
    4.24476969805002504743E-02   -2.04466499543548979601E-02   -5.43181516872315861555E-02    3.11028747773447022951E-01
    5.78066462103706615872E-02    1.48128031363459027048E-02    3.93080379342262350995E-02    4.20112381900710207816E-01
   -6.37527749615041734906E-04   -7.98003243138562939896E-02   -1.74122787133684009397E-01    3.84801635129144580395E-04
    1.04571449816110960407E-02   -5.64673344681408534429E-02   -1.87748609449061854004E-01   -2.83697746753685826199E-03
    2.13830223842177508109E-01    3.28478204666090345398E-01    1.34853376835675414780E-01   -1.06345524780580263924E-01
   -2.89813347623919304041E-01    2.44268271159946648297E-01    1.00678383487189604395E-01    1.44037283704691015940E-01
   -7.16248328868598644475E-04   -2.01275407117023352743E-01    4.92736755033931272951E-01    6.50366374423292162299E-04
    2.19353883376427499785E-01
    4.81697110157704555533E-01
    5.45434429993280511795E-01
   -4.04130256455718928077E-01
   -5.58141624065220831596E-01
   -1.63998260005516399707E-01
    2.71126204957809813223E-01
    2.01861749691840897114E-01
    2.73841143853623514293E-01
    2.54912066456997432606E-01    1.37613909303043430166E-01    1.10864365334195191792E-01    3.94633003145289984470E-01
    1.32018995698834046282E-01    3.19311471942622271403E-01    2.13633096768445329694E-01   -8.10533551261103046848E-01
    1.17308364104642594977E-02    7.97774132650343886786E-03   -4.48892901200562272068E-02   -1.86360157099853089580E-02
   -8.79009325079483164189E-03   -5.86319617654424904418E-03    3.31857149156173439342E-02    1.41558972659274195927E-02
   -1.56863051837815487000E-01    2.03001638847650177355E-02    4.70413325919080249626E-01   -1.52986375038876021293E-01
   -5.96661181503966714379E-02    8.08109444101742235844E-01   -3.93819022026835607875E-01   -4.18494162786660850450E-01
    1.43655004207076681527E-02   -6.88777754280518912655E-03    4.36280163489526362497E-02    1.08201927832373007154E-01
    1.06795086885117188752E-02   -5.93937936392477210112E-03    3.31845936636065430569E-02    8.38161417268132591385E-02
    7.33136987965758192554E-03   -1.16117541308960389723E-02    5.63444371653596259852E-02    9.33853880194076418908E-02
    3.75692724635616828732E-03    1.81115578052976372581E-01    3.25633437836969963364E-01   -2.28804532120258026550E-04
   -7.66599440323739462350E-03    2.55404157753190197422E-01   -6.56475610026973216415E-02    7.20253524806596092875E-04
   -4.29380153893719612723E-02   -2.03645664980425938895E-02   -5.15404073584269512009E-02   -3.12004040380170377667E-01
   -5.74402161140658493177E-02    1.51555127961415063431E-02    3.89948738293677404920E-02   -4.19389309732366544203E-01
    2.52403412005639514199E-04    7.96376903768130639527E-02    1.76875016978130322753E-01   -5.43985203687733106202E-04
   -7.85562026099360759257E-03    5.58628232036155539242E-02    1.59559937060582579527E-01    2.25495025330969996180E-03
    2.15409235801612558570E-01   -3.28888862513888435846E-01   -1.33848165973208255153E-01   -1.06820205947745869302E-01
   -2.88654128070974236309E-01   -2.43838243718699804186E-01   -9.88392577037038588816E-02    1.43682673366155949646E-01
    4.76941529365684140432E-04    2.01403227232307635575E-01   -4.90939384543664592009E-01   -5.02102074178454541725E-04
    2.20340911005594636274E-01
    4.65574440753022789075E-01
    5.43529965252169566803E-01
   -4.04042953876488253329E-01
    5.57706520855531406866E-01
    1.33956934943371908098E-01
   -2.68031713355568468327E-01
   -1.98326291938437593299E-01
   -2.67121433338141256453E-01
    2.55109097928847783354E-01    1.52194707497465442358E-01    9.03845644175751555816E-02    4.00533692469356994437E-01
    1.32093886697575130240E-01    3.27005189208470770090E-01    2.16649892376466479682E-01   -8.33468363494461295105E-01
    1.17255707231114485872E-02    5.78282335312322367388E-03   -4.45586340586467608005E-02   -2.07089248537917249016E-02
   -8.78805473962151334488E-03   -4.29506638581225730356E-03    3.29179664666776200521E-02    1.46999263663827005322E-02
   -1.56905410398409217443E-01    3.42013038650536005392E-02    4.78206192252442485735E-01   -1.27391700631426463275E-01
   -5.97839713241382006426E-02    8.34658246418916172082E-01   -4.50041977858674224766E-01   -5.10629957607931728170E-01
    1.44098580820372600131E-02   -4.58932021174495059779E-03    4.18082568492173095587E-02    1.15300878556730865276E-01
    1.06946527426346211370E-02   -2.40053779407482922523E-03    2.96268392207814472428E-02    7.99234512723387136024E-02
    7.36153422161881908908E-03   -6.86402274194496033605E-03    5.25646736613553031137E-02    9.19068099030042745534E-02
    6.22355071412840268191E-03    1.82413132937986111060E-01    3.18077357290124762557E-01   -4.65715446624867754366E-05
   -1.18024503230331131998E-02    2.54096768993007426918E-01   -4.62682257247024192326E-02    1.10952327825755334666E-03
    4.23667143262941719994E-02   -2.06348856566331215201E-02   -5.39035565469067265432E-02    3.11107041928122440844E-01
    5.78641261203576770522E-02    1.49582737181533764054E-02    3.91038885995960219799E-02    4.20054451491256530815E-01
    8.61499362350396486430E-04    8.04730313608884584298E-02    1.72519383429130673813E-01   -3.06800070676680955439E-04
   -1.28672813010077234652E-02    5.47488595467100769287E-02    1.94225915194463000235E-01    2.36152306826052128808E-03
   -2.13609557276146611038E-01   -3.28498835002076050582E-01   -1.34650214756621561252E-01    1.06390551727757035061E-01
    2.89965442049009536341E-01   -2.44338430183614174762E-01   -1.00780718084826304004E-01   -1.44003874003186288499E-01
    8.07433725247733375188E-04    2.00666344163966503533E-01   -4.93830736313565055173E-01   -5.34592820667535413917E-04
    2.19392383197824614172E-01
    4.81126875190022673667E-01
    5.45329102074460281280E-01
   -4.04178762591042739505E-01
    5.58148282530561368198E-01
    1.63061391644048536698E-01
   -2.70986978202243933289E-01
   -2.01780622024503752954E-01
   -2.73625315805292479432E-01
