    1.00129040947215797175E+00    9.70538020100453376060E-03    4.29656359653007348127E-04    8.00441505737002102772E-03
    2.52567314407595644096E-03    5.02617466284054015269E-01    6.87697119574207354348E-03    1.54367926375628850000E-01
   -3.51628829751315279475E-03    3.80752607918565799672E-01    1.58144636483695706641E-02    2.79767195992549566608E-01
    5.03168713989468836866E-06   -6.48618186150600036996E-04    5.69316952570129486411E-01   -3.12011585837717042580E-02
   -4.68121972858310958780E-05    1.13488333708324190367E-03    2.30992461182540353981E-01   -1.64009362768838956592E-02
   -1.78333187861971927644E-03   -8.63701908220321917797E-02    3.02562322881528428242E-02    6.21961268253659826932E-01
    7.18724181098170868294E-04   -6.69199133935497879506E-04    1.05986124600404123253E-02    3.15862187027915408688E-01
    6.87364698519640716836E-05    3.66243491722164195637E-03    2.04668041861463215637E-04    5.53288989033827189462E-03
    3.32788282631823258573E-05    3.62723583140300549852E-04   -2.75863345417972499751E-02    1.31440430454514553191E-03
    2.87255294568298904839E-05    8.86558025725244679615E-05    9.17040993928164857932E-04    8.68140252172161334954E-03
   -4.48036710624284830557E-05    1.65466559148428060677E-01   -2.98332417225068480260E-01   -1.85942091524558206217E-01
    5.05578137871471634812E-04   -9.77735607390604541389E-03   -1.05353318315005231587E-02   -1.23941506763410366071E-02
   -4.96358345471899155450E-04    3.80150951195111774794E-02   -3.11435917671245565685E-02   -4.02813757023703852833E-02
   -4.82982110082105287920E-04    2.40995053015989439682E-02   -3.83478501319833506300E-02    1.17471118500260150383E-03
    4.87462553818012882300E-05    1.55547774602278671141E-01    2.85972529406423481291E-01   -1.94918618993323522481E-01
    4.95613155012833732013E-04   -9.10585812088660594144E-03    1.12912272520826629379E-02   -1.43234968952672021836E-02
    4.58499600991738162289E-04   -3.80296582383743350664E-02   -3.21124904090445348337E-02    4.11975477688210842131E-02
   -4.03002809451984567862E-04    2.05713098360497462225E-02    3.60934944411775288087E-02    1.47077076249826042831E-03
    1.55714739694081810706E-02    1.19158912500567904479E-03    1.09698576974113851112E-02    6.56413057042217751302E-02
   -1.46474487597211822099E-01   -5.31680326200448857138E-03    3.32406114987565046159E-02    2.26626842948338597106E-01
   -8.40454006509550821669E-01   -4.96560927507268962122E-02   -5.95332191321057552225E-02   -3.33009655701333895372E-01
   -2.32795368497884028192E-02    3.27707675871346471030E-01    2.47113588386151217247E-01   -2.36476690899013013147E-02
   -3.22542560650796797383E-02    5.69640957291453919886E-01    3.24743501309927962151E-01   -7.04243543303050695270E-02
    2.11061971892975486220E-01    1.55556945893714874962E-02   -3.85391182543316640485E-02   -3.30720932786703336603E-01
    2.67432859724636817766E-01    2.65877891956333677059E-02    2.43452959005921731883E-02    5.31559398082081593917E-02
   -1.46867197316518770939E-03    1.43914033841385997133E-04    3.91142018702763782229E-03    2.97192512692038279809E-02
   -2.83702531156613147346E-04    6.96512721500731056025E-04    1.16308706064246078493E-01   -2.28706269546560606032E-02
    3.39273776042526469324E-03   -1.86788802282725105138E-04   -7.15322647205074435561E-03   -2.77826831239131669116E-02
    1.33035415228777570418E-01    1.68119085213950969493E-01    8.16665031011849618103E-01   -9.48200958150954953396E-01
    7.05932457607141961020E-01    1.29193764368052343983E+00   -7.78444245942425117057E-01    7.26982085260128085835E-01
   -5.17667137665469862667E-03    8.64299658270643953589E-04   -1.48959849083894323857E-02    2.50640833768809079274E-01
    1.48542676071635598722E-03   -6.81391734308139668946E-03   -1.26663005949003842909E-01    6.88448943541563052051E-02
    1.56882372447196299925E-01   -1.70488238807359804294E-01   -1.05282999004520716468E+00   -6.75629236901549856675E-01
    7.80991490361187867819E-01   -1.21311920049306398717E+00    9.76171913302317340033E-01    5.12334479838415624009E-01
    5.34437639731305102336E-03   -6.87784760260841355681E-04   -7.95416444089300650466E-02   -2.33648633477651052059E-01
    3.84373560079909209640E-05    6.98304529070774629429E-03    1.31113807513072250233E-01    1.00547760108450328492E-02
    1.06302175232943045546E-02    3.41683013758880334710E-04    2.39496777051102838207E-01    7.19923438273976978863E-01
    1.22450802001276171094E-01    5.14918372619373697352E-03    5.98677790120359376580E-01    1.57463912885427537169E+00
    6.35606479723159645268E-01   -1.25618777228431646037E-02   -6.51507743274388984034E-01   -2.97168671642806936362E+00
   -5.45682028163836044948E-03   -7.22606738563400519126E-01    1.38213808563687236275E-03    1.13433055203011542988E-02
   -1.45831010884077214712E-02    1.77823624715939154761E+00    1.70909827477577248855E-02   -1.26127325034659943520E-02
    7.23512687162595646839E-01    3.08706698005985734345E-03    1.31194109080282061974E-01    6.25580445850071886760E-02
   -1.26172991894807684510E+00    1.86936850869409178222E-02   -6.92561583622111287539E-01    9.82097485688776861146E-01
    4.72474228108399080944E-03    9.17489490384691794463E-04    1.84000825678171074651E-02   -5.03030942656207402663E-02
    3.53566027761786287435E-04   -2.18597125711039522167E-02    6.98985067139614932308E-03   -4.87997523832489794871E-03
   -1.26417574898950533374E-02   -1.71040455518098056522E-04    6.44149594458898050453E-02   -2.83741267208170964975E-02
   -5.18707328742952555878E-01    3.33292506616540029629E-01   -3.04409830763337607706E-01    7.99062530388801262049E-01
   -1.36302515351646419406E-01    8.80915491588340704432E-01    2.41949800174855705892E-01    4.20414438831499870375E-01
   -5.40573818329485936141E-02    2.69737976498866494079E-01   -3.39219532685510860581E-01    3.73582134694554868215E-01
   -2.43715992229995737084E-01    1.46061829123086489579E-01    5.14398972192596337649E-01   -2.96819196714702901452E-02
   -4.93185318333564659543E-01   -3.57334185326804942839E-01   -2.96506132008486966711E-01    7.65634289527751588089E-01
   -7.61052364017690413656E-02   -8.68745580442346843064E-01    2.34720334152975995679E-01    3.91248652533709384560E-01
    5.18955123510537255638E-02    2.80814334405905530190E-01    3.07785812571994110698E-01   -3.70703450487436025895E-01
   -2.40322452839187933327E-01   -1.36919341034877489749E-01    5.31007859015391825430E-01   -7.19603756606475714053E-02
    9.37912101273838047510E-03    1.49862095976612652581E-01    2.01394975673248682879E-01    9.31651534878986109511E-02
    2.15055863334582923752E-02    4.03839156376940733306E-01    5.16319931431944323386E-01    1.58727308472699779607E-01
   -1.89344669377620213047E-02    5.01712226967407137757E-01    5.29489823994140129670E-01   -7.23590526879825501894E-01
    3.43754269891954900018E-02    5.84973794133021418595E-01   -5.12273410801447059981E-01   -2.51361022924775521711E-03
   -9.20100518923685939399E-01    1.39843239873995855982E-01   -1.07490568912956621639E-01   -3.70840943640104170331E-02
    6.36052744812938379571E-03   -3.84123442688813432344E-01   -4.81360165698506092813E-01    4.02312044881293212617E-02
   -1.96890547777130442419E-02   -9.52768885628436090762E-02   -9.67541777734882840756E-02    6.10745815814756287665E-01
   -4.79042123908967015615E-04    4.89756265296694623390E-02    5.63566847011241142673E-02    1.29345198912893838417E-01
   -3.18934916043347588266E-02    1.07752073365119632742E-01   -1.06997634019072404565E-01    6.66407179682001471477E-02
   -1.36342177943298215525E-04   -2.29969150723196187613E-02   -2.12138599854894971397E-02    4.91301282973549136024E-01
   -3.88907516291439936396E-01   -7.67287122430272555684E-02   -4.50691507312991623824E-01    3.85562679832962496018E-01
   -9.76382144304994564754E-02    1.60148694326873591853E-01   -3.71472210544533609777E-01    5.23925519649856494264E-02
    4.82692770981175467426E-01    5.05925444341696547990E-02   -9.96912335680542938121E-01    4.24435006513938950512E-01
   -6.81172925029457254631E-01    6.87427733965555731732E-02   -7.94579065735157907824E-01   -2.83839598914053969914E-01
    3.93718868175929048725E-01   -4.12264902148888223721E-01   -1.15339447084192206483E-01    3.94875004847495547633E-01
    1.01958307918984775187E-01   -4.01437970966229185077E-01    1.13721154191024409474E-01    5.99051308993645004186E-02
    4.32565498466136399980E-01    1.03325484885542939750E+00    5.79724833896629876406E-02   -4.01962770813194314456E-01
    7.02337116333088817832E-01   -7.28186995853626450881E-01   -2.95026812000142336923E-02   -2.80881406825996604582E-01
    1.55587375252238369061E-01    6.32197921506378723161E-03
    1.91541949705342329224E-01    1.80177740768272358352E-02
   -2.28691444059857973414E+00    1.35792662788887241732E-01
   -5.97663319110148909263E-03   -4.38989202686300261647E-01
   -5.64576555753814393612E-02   -1.16473767769601477262E+00
    3.92834430838149006870E-01   -4.59449320069136718514E-02
    9.12284829401315500164E-01   -9.05808365744385640683E-02
    2.96821145709982359140E-01   -1.30808980990792626808E-02
    1.39970658590944495997E-02    1.31339478264899844895E+00
   -2.64082254618290490633E-01   -3.30386940389775993210E-02
    1.20714087749124532323E+00   -1.14765623738194388892E+00
    1.98603533803951570746E-01   -3.14543997161257415929E-01
    5.99505540854092577874E-01   -6.33041736815966871177E-01
    5.34763989361120128940E-01   -5.42029253231269714242E-01
    1.22034834985588758194E+00    9.73163845469061539184E-01
    2.16375843278498930511E-01    2.95557601963967242487E-01
   -6.71693857751443523796E-01   -5.92729994328158871220E-01
    5.18329179126041816872E-01    4.57099220053950261455E-01
    7.22803090536239478681E-01    9.01280198841893254169E-01    1.79570892198847760490E-02    1.52586828951381779651E-02
    3.99014012022779307465E-01   -1.05186467394739491255E+00   -1.24602941108343228532E-02   -6.39346195034842024185E-01
    4.19444348851739316070E-04   -1.16974105669547813989E-03    1.67573759609451172770E-01    5.82652728302644837971E-03
   -2.19750097451558018546E-02    1.02427339145447497855E-03    2.92591746165034305438E-03   -1.99811342779586981200E-01
    2.38829294002651203177E-02   -2.24124796926289011900E-02   -6.68118960123369798332E-01    7.55684705104974985268E-01
    2.29860031644658208139E-02   -4.02980247634778382393E-02    6.75511229295261417249E-01    7.44594327550731072130E-01
    2.10191250443589189301E-02    1.84374105403070799982E-04
   -3.16716011366188654463E-01    6.70131421618912759275E-02
   -2.20813612683869425757E-01   -1.03356269161669356293E+00
    1.00760224042765966779E+00   -2.23451562935337633142E-01
    3.42215854531922381021E-01   -4.65097661626003633373E-01
    4.71859200617840868208E-01    2.96286933576257738299E-01
    1.00046347337944552258E+00    2.72682700091374588536E-03    2.42266990414929554243E-04    5.57035710936686512956E-03
   -5.35843630366131945530E-04    4.64329960138346098386E-01    6.79858437563876389503E-03    1.69251476117990712345E-01
   -2.25217864468677713211E-03    3.49720200210891840609E-01    1.55909637465072286461E-02    3.09063542683168379632E-01
    3.68478561500697222389E-06   -1.47876248891946958201E-03    5.38164388553087236211E-01   -2.75729723054146703964E-02
   -3.60652971090224511272E-05    7.04079952006997898152E-04    2.20543884936311412881E-01   -1.54597101919832936173E-02
   -1.69246947607072694211E-03   -9.56132245590467638729E-02    2.71802925849884344234E-02    5.99288801461515641122E-01
    3.41336880628931619523E-04    1.08308368933597992667E-02    9.82167621880562606573E-03    3.30674618763453387338E-01
   -3.32270597726414874430E-04   -6.49666862049853594679E-03    1.14784566993636050187E-05    1.36937571452384193593E-03
    3.45865384154124576917E-05    4.65035287778475185227E-04   -2.66736343625032477911E-02    1.11647583608314197520E-03
    2.43683657706988458466E-05   -9.69046060451020618539E-05    8.57157618763961935866E-04    7.54759629025880760672E-03
   -3.84867100621721512557E-04    2.12971624888579597057E-01   -3.24803781289917603559E-01   -1.84215459245176044201E-01
    3.37626182145547664142E-04   -4.25088749525883834862E-03   -2.12930027493722917598E-02   -1.41242650301271026325E-02
   -5.95372581002757235089E-04    4.39876534751316924932E-02   -3.03912956526754055031E-02   -3.87628270180013848045E-02
   -5.00378874977733820520E-04    2.52892021589930203473E-02   -3.94930610386318159399E-02    4.14619463756927056353E-03
   -2.86103006909677482633E-04    2.01298137434761215125E-01    3.16472894475020916083E-01   -1.93401760691002289061E-01
    3.31619411130537611321E-04   -3.57582803558043017464E-03    2.27071296713723738692E-02   -1.69644100913500829597E-02
    5.67300705189788365308E-04   -4.42590667120598552087E-02   -3.22329359683053776053E-02    3.93403103081136351626E-02
   -4.22258937901829126127E-04    2.15330174219472772479E-02    3.76154569228671353809E-02    4.52606242128715009765E-03
    2.53690407994936750757E-02    1.66760130093630983515E-03    8.70184479234730780262E-03    6.22013740363877576378E-02
   -1.34851618228572694980E-01   -4.67848941756030933109E-03    2.76437811507197761518E-02    2.35255748481148191376E-01
   -8.79740963322740210373E-01   -5.22758391272105382708E-02   -4.76530911601695181257E-02   -3.14733550420444596618E-01
   -2.42846817143074211742E-02    3.30024721502844287091E-01    2.51409333220353858884E-01   -1.61272535106755897372E-02
   -3.50706376381602555337E-02    5.92205151533045759393E-01    3.59375055291892508968E-01   -6.52674525376079894823E-02
    2.08181725772000392194E-01    1.54985169806946543325E-02   -2.94671540332163486853E-02   -3.36984114990320160477E-01
    2.73600773573994204835E-01    2.73885914479016813472E-02    2.33812129983747112039E-02    5.99020189293774790729E-02
    1.99784247223575408062E-03    2.52570219605831379310E-04    2.45740068877741508688E-03    2.37157074697288312859E-02
   -3.34853749400246855205E-04   -8.48936769596018536536E-04    1.14478115607148198118E-01   -1.92873176308232842369E-02
    2.95257400566256147587E-03   -1.63936905147638262246E-04   -6.31208587597104336248E-03   -2.84015448854861470018E-02
    1.11622402346874496915E-01    1.50403412556641219444E-01    8.42676453806077918607E-01   -9.11025542807354260511E-01
    7.19945813903043352333E-01    1.31024861667311220970E+00   -7.78362592058385316385E-01    6.86302781580377163628E-01
   -6.71489261879159183427E-03    5.89397852820756256234E-04   -1.89484278627941420126E-02    2.67695742590875584987E-01
    1.80460271412769446449E-03   -8.27177580817556497295E-03   -1.30643381127716590173E-01    6.49291522073543042604E-02
    1.34402315563661139963E-01   -1.53857616453259848921E-01   -1.03017824906474664282E+00   -6.93380553454110426514E-01
    7.99534415807454990066E-01   -1.22825025081175964736E+00    9.37588371442889645380E-01    5.28702708348329553090E-01
    7.15254336550525272181E-03   -1.32580829451174934085E-03   -7.30922157295496865981E-02   -2.54182665273353980417E-01
   -4.52358073671912667610E-05    8.49672427857876486068E-03    1.32858744853930121899E-01    1.21265718892585010885E-02
    6.53909128622595561126E-03    2.81799419908032393843E-04    2.22582586407635119041E-01    7.29078766198241856600E-01
    1.19311271877847541178E-01    5.78154709970188016022E-03    5.74244227333230328192E-01    1.58958294142168221619E+00
    6.58007571541521008029E-01   -1.02521707620199607064E-02   -5.62849546223474495044E-01   -3.00200092842478039046E+00
   -2.93690733448361213434E-03   -7.28427407742475607755E-01   -2.89018177492804623305E-04    1.31559766003671151785E-02
   -2.16969064467169084343E-02    1.76573143601398618863E+00    1.89628061892010181533E-02   -5.29530741501794272041E-03
    7.29402029045217670244E-01    5.94533249236745952454E-03    1.57904484903472225321E-01    5.52751399372608739902E-02
   -1.23236076808340944133E+00    1.51055565357610284416E-02   -7.59882798300357986676E-01    9.91490606121537498829E-01
   -4.09892399070995025120E-04    6.90091256286921471072E-04    1.46876903290140831126E-02   -4.50641091540094282375E-02
    3.47892921343016564735E-04   -2.59587068919579222470E-02    6.66832255127076251044E-03   -4.16011038257781736588E-03
   -1.41291001178920957310E-02   -1.93890187861484427278E-04    6.21890506951050595075E-02   -2.67470859471725143364E-02
   -5.14322302932382902085E-01    3.25751805662114035655E-01   -3.52673470605548933232E-01    8.17883263670108440202E-01
   -1.44619005733831684779E-01    8.80939024074192666980E-01    2.36481333617292927007E-01    4.16891954274978382422E-01
   -4.34461331246716667143E-02    2.81481909055489143423E-01   -3.36298272185534707912E-01    3.61003746491712240729E-01
   -2.61998800310504542654E-01    1.51696585894757540736E-01    5.16639009369513568792E-01   -1.75646665862422522719E-02
   -4.86327357427096318432E-01   -3.52569822865293480696E-01   -3.43435071139119141304E-01    7.76784673051577390090E-01
   -7.78866708189386997008E-02   -8.69685495452473089628E-01    2.29596557900067221869E-01    3.85900265859534741253E-01
    3.93338108832175861740E-02    2.91628895965756418374E-01    3.04771907467503544442E-01   -3.64606311724544329689E-01
   -2.58322886938113727151E-01   -1.45230711426798331232E-01    5.33042290790109007936E-01   -7.23014869600202558786E-02
    1.55251878127426311965E-02    6.68972130465783632047E-02    2.28442730172145586076E-01    8.41481270151824972681E-02
    3.49404718407045483675E-02    2.01211437046393576411E-01    6.19387329478531478699E-01    1.60413381635877649867E-01
   -4.41974514790022740551E-02    3.55899755113788796024E-01    8.20267857687267620825E-01   -4.92613607499405969925E-01
    3.33380939554837746330E-02    7.36470774250629678370E-01   -2.88256090370722306560E-01   -3.13399089950868858095E-03
   -9.28121446708292330285E-01    1.59764114401284434974E-01   -4.78858461448946545747E-02   -3.32124319758775807254E-02
    7.10374971259207337038E-03   -2.04404557939174058578E-01   -6.00662816020081424817E-01   -2.51888077899971871490E-03
   -1.18106708307933357116E-02   -9.21478754954291184864E-02   -2.08473937925995528309E-01    5.14390848935275424303E-01
   -9.03361798628572764715E-04    2.18906727935848817446E-02    5.61757148390523222692E-02    1.06845999664117008443E-01
   -3.18864981062476487983E-02    1.34427636258198701658E-01   -6.36572766457214889169E-02    6.68350857177827384348E-02
   -2.88234971534025977060E-04   -1.47455622600165536795E-02   -2.93133895040626965556E-02    5.11009992840514959411E-01
   -3.84847413966901363835E-01    4.55794163759703774286E-02   -5.41977152121421723585E-01    2.60628463998395398793E-01
   -9.67896883684598863251E-02    2.68090749135000971926E-01   -3.00424997617492195445E-01    3.06765707027305059573E-02
    4.84216704163822453388E-01    3.69810445932595155405E-01   -9.59418441636670782380E-01    3.51141662341790672386E-01
   -6.82360698022208889135E-01    3.31617345402724583714E-01   -7.27431631870782524629E-01   -3.36499511031616016510E-01
    4.02764202800294068840E-01   -3.86519094890316328161E-01   -3.36193218820702410810E-01    2.72851384952940423378E-01
    1.07905373286823508261E-01   -4.14107961082524567153E-01   -3.87579100066697129767E-02    3.77430429214721807618E-02
    4.27333392028307779142E-01    9.67507298164497098192E-01    4.45438063545399220988E-01   -3.25042660274146966159E-01
    7.02683359135044649513E-01   -6.73662647351354837433E-01   -2.77288243617142160513E-01   -3.29168882404365370498E-01
    1.68836398171255397394E-01    4.66411602446876669137E-03
    2.34534346068808990937E-01    1.49998722133002759110E-02
   -2.25511770520243226557E+00    1.51977250933438251534E-01
   -1.04261351588013050085E-02   -4.41218333706880461165E-01
   -6.72956460442840215253E-02   -1.15908834427060281058E+00
    3.75152371542754936584E-01   -4.85362695204383451375E-02
    9.21635656702766259407E-01   -9.73710727750827093052E-02
    3.10241807982058137583E-01   -1.58199274686523332079E-02
    2.94850825258901744208E-02    1.31365176484188883599E+00
   -2.24251623655889020803E-01   -3.19309380914592488843E-02
    1.18026554302079955683E+00   -1.15269295856286113633E+00
    1.90338092655359253369E-01   -3.13845464613715097180E-01
    5.90458848726928886563E-01   -6.34416361997515054760E-01
    4.84458887374083990718E-01   -5.42575337662159817853E-01
    1.21302217894255903730E+00    9.61027384686783059387E-01
    2.13655136857353350477E-01    2.92089168556229794582E-01
   -6.70106252232303800653E-01   -5.85002307067293392251E-01
    4.79032899078285223649E-01    4.52071651945055497102E-01
    5.29171445707778853595E-01    1.02676987713686407311E+00    3.41573184334835883158E-02    4.91004298552986592763E-03
    5.93599141163091092999E-01   -9.55712551046785874220E-01   -2.81613873027450264952E-02   -6.47215641670194963275E-01
    3.78282110699529100419E-04   -2.59383434634171804872E-03    1.38753846041144129897E-01    4.60105530471777244422E-03
   -1.75913626820773487391E-02   -3.25522686309016309400E-03    1.32583783753331381841E-03   -1.68644985752514298127E-01
    3.74544794299531483284E-02   -1.71294460626045643228E-03   -6.74887090375279385945E-01    7.71122779950276115990E-01
    3.71590500088154543357E-02   -3.97825107183080034501E-02    6.88780444382913414891E-01    7.53113167588972842736E-01
    1.66222902438576056183E-02    1.22293738998755950262E-03
   -3.00411843959200730581E-01    6.06237250232302751773E-02
   -2.11297853236179139502E-01   -1.03980743084893290096E+00
    1.01532915353006947257E+00   -2.14368206976389474860E-01
    3.27619177726091226344E-01   -4.39430920140655878470E-01
    4.43222427130047003097E-01    2.86911076910399798212E-01
