    1.00089392524192311029E+00    8.10688123837107268987E-03    1.82567208451209777586E-15    2.16885958084791835229E-03
    1.15885006381111579400E-03   -4.43198165666460863754E-01    3.59175257578209836315E-15   -1.50184808696188804022E-01
   -2.68280099490047574742E-03   -3.77631909264372400692E-01   -1.58928897041563592482E-14   -3.48912810947878460066E-01
   -5.63396832780907375462E-17    2.19060338446652042075E-17    5.17741510790195196423E-16    5.40083570630336288972E-16
    1.04710506979490961892E-16   -6.32448091642916308576E-17    3.07295266294858031299E-16    3.69818527015507448517E-16
    1.26478936817017944809E-15    3.76071030475559498646E-16    4.89612755720988279684E-01   -2.22813761024138196027E-15
    7.08154132540093682883E-16   -2.60509941902748219324E-15    2.22699349477572916545E-01   -2.41567585249952253876E-15
   -1.75453436193656175240E-03    7.83210962643974412112E-02   -9.27839308125446428236E-16   -5.45208435779296007873E-01
    4.92533994571703174527E-04   -1.26756353563434506077E-02    5.71164643658568327283E-15   -3.65595106739725117517E-01
    2.83742552951342425462E-06   -3.57656661525511539949E-04   -5.10554275864471450720E-17    5.15018643027725150224E-03
   -2.81275770826911294933E-16   -2.87903854972769421729E-17   -2.45168355635704138271E-17   -4.62705352209489096544E-18
   -2.38013314260872229886E-16    2.21801946360258454819E-17    1.49442937662353886171E-17   -6.94380841382835499909E-18
   -6.61586935338011610137E-05    1.49388314602160419964E-03    3.62317638036519605496E-16   -2.29621708685233188660E-03
   -1.54139731072494882604E-16    1.05462658937164444580E-15   -2.67019165573464840879E-02    1.90218520599106954937E-16
   -2.26172860010455850687E-04   -1.92471157745284809915E-01   -3.27424354308978815542E-01    2.06438440556858671115E-01
    4.22010070522020196322E-04   -1.01609751085120960518E-02   -9.03093982800638461761E-02    4.08978099782951812213E-02
   -3.46506860370645613344E-16   -2.22715223273845099806E-17    3.38942657103746397255E-16   -1.77323210535956934654E-17
   -5.63069730233459663990E-04   -3.71522829903701626297E-02   -2.33349882907123717946E-02    3.17458602297802372494E-02
   -4.76291005286677885354E-04   -2.04138487142043779932E-02   -3.26279584648883486109E-02   -7.44743467060165337257E-03
   -2.26172860013326574094E-04   -1.92471157745277093865E-01    3.27424354308992415774E-01    2.06438440556859087449E-01
    4.22010070522560616895E-04   -1.01609751085118237002E-02    9.03093982800718675374E-02    4.08978099782969506393E-02
    7.98558424098015347295E-17    3.27085017530098904785E-16    2.52126715093536880914E-16    1.00458769767843593969E-16
    5.63069730234458756292E-04    3.71522829903676368724E-02   -2.33349882907179714819E-02   -3.17458602297798903047E-02
   -4.76291005287303957898E-04   -2.04138487142022546916E-02    3.26279584648905274236E-02   -7.44743467060142091962E-03
    1.14579477424830307692E-16    5.20406566886432442320E-02    3.05263352029566528717E-15   -1.17889666722658413857E-14
    3.43948484911066951842E-16   -7.26476653791556514772E-02   -1.25944495910274852610E-14   -2.47309794754593476751E-14
   -3.10914525226540027268E-16   -1.00006835956065454063E+00   -8.69960524415389784998E-14    7.61847073501798759361E-14
    6.31266581959336270380E-01   -6.81973067012707608531E-17    1.89659524888500719478E-16    9.23453522790034995790E-17
    4.95775908170683454745E-01    4.05989544555022815816E-18    1.41364421589150641287E-16   -2.89030001875605829917E-16
   -4.51938549390188104955E-16   -3.07806681520659166887E-14    2.83976867940232580168E-01    2.68749092080486362555E-01
   -3.26931896540175160586E-16   -8.42835416065684990352E-14    6.70910383576843072362E-01    4.56228145175173294135E-01
    4.42704647948978780635E-16    1.91498372884313816655E-01    2.04304623424703682602E-14    8.27732329198277305992E-15
    5.58510683600251178008E-16    3.38144074633764224469E-01    2.97256725975867163507E-14   -4.60455412002198000697E-14
    7.75923588390938226148E-18   -2.17397928713535058126E-03   -1.89648074507712768771E-16    1.36487553518902898873E-16
   -1.23595977151692406691E-16   -7.02570709817699166189E-17   -2.33962528794251674036E-17    9.85747681468306869520E-17
   -1.81679645155374720755E-02   -7.00788566335789522951E-18   -1.33435507739465146704E-17    1.87012386765345913256E-16
   -1.73397800188130180621E-17    4.92197500153685775504E-03   -1.32900501316414281961E-16   -1.89029967648103391912E-15
    7.24217451651650849774E-17    4.94634049716850894776E-15   -2.10568379899124594190E-02    1.11482959180648391606E-01
    3.17687908605940265603E-16    5.95156565955465288731E-02    2.65722272704275175315E-02    9.43977379014388051637E-01
    5.80155783571962637213E-17    8.28139719190878365040E-01    1.43928109581391838745E+00   -6.90341618436255410884E-01
    3.09693362825006930639E-02   -2.47024405482182318441E-16   -7.99763597054303618170E-17   -2.71966581539344106229E-16
    6.97813122982947078308E-17    1.73194556624928115707E-02    2.06451938154224891309E-02   -7.32593032572120272938E-02
    1.93627135762196187235E-17    1.62053391977131505675E-02    1.69048253300969099355E-02   -1.52101181677900376688E-01
   -7.81102739267164549766E-17    5.95156565955812164037E-02   -2.65722272704096047768E-02   -9.43977379014458328754E-01
    1.27564767143778703822E-17    8.28139719191151590927E-01   -1.43928109581376739712E+00    6.90341618436249082613E-01
    3.09693362825004814276E-02    3.65417342178977358744E-16   -2.70866998356430637969E-16    8.09462466345432736569E-16
   -5.05092721974402838991E-17   -1.73194556625038582898E-02    2.06451938154241371182E-02   -7.32593032571805385933E-02
    1.09709477300213168287E-16    1.62053391977228962439E-02   -1.69048253300978883196E-02    1.52101181677879809806E-01
    6.57584981985856187325E-02    3.13431335592844351884E-03    1.59219908063519847801E-16    1.07469142831204025662E-14
    2.56457072015927101116E-01    1.14513132535649278521E-01    3.90525046029374401334E-16    3.11907723533498684050E-14
   -3.19774896337082170650E-01    7.42017030876446881393E-01   -4.34016272176118345198E-17   -1.44370710326001036239E-15
    8.02164150607105671314E-17   -6.29095712695402808161E-16    9.67844453317966091355E-01   -3.78375927674238903832E-16
    4.53231120346882715682E-16    9.98172268727637758005E-16   -1.02298199907664533193E+00    1.22923578642037536973E-16
    7.10979264402825532531E-15   -4.11664931326138826508E-14    3.11713002697969468445E-16    7.35210768891902066713E-01
   -1.01337101565441702911E-14    9.17308752759901357969E-14   -8.08629662631032408351E-16   -1.76129458204350086703E+00
   -3.28987881179205965410E-01    7.55291401307655485553E-01    4.69144150196589274193E-16    5.04418972238638533254E-14
    7.49842240164941449543E-03   -1.27496245456175349986E+00   -7.58477834296552167316E-16   -6.89767707028901756567E-14
   -2.45015878604117152018E-04    3.77660044764796878902E-03    4.44386974886697429285E-18   -2.65418811740895715626E-16
   -2.16124364309807107483E-16   -9.19357200650759365462E-17    1.96058545658490759769E-16    3.96755834281220977533E-16
   -1.00329792134632633364E-16   -3.81298711909571522066E-17   -3.33203965706697045890E-03   -1.18927738338373666180E-16
    5.33281366537791332028E-02    3.40122367690937413287E-03   -1.46156823407991502928E-17    2.50495527673854535028E-17
    9.94484905089467717141E-16   -8.12795984777843878160E-15    1.56128880168680871920E-17    4.37834728803858097557E-02
   -7.89991627890943348689E-01   -5.41942223316223326002E-01   -7.14531576991983544861E-16   -3.77853970458730537008E-01
    5.49512509036012897212E-01   -1.13074601525771117894E-01   -1.61834819893228641563E-16   -8.21163555498282682343E-01
   -1.72174932980127538174E-16   -2.89044482619181983763E-16   -1.08465000588791361802E-02    2.60166985522998752263E-16
    2.93839249949085556946E-01   -8.36095166129462441518E-02   -1.41990771976731329669E-16   -3.03236044201130039433E-01
    5.88369810319826977429E-02   -2.52580734138993567850E-01   -2.33131709101706526674E-16   -1.85329109724483298560E-01
   -7.89991627890934244860E-01   -5.41942223316234872321E-01   -1.57406483766883911007E-16    3.77853970458701227120E-01
    5.49512509036000462714E-01   -1.13074601525885748421E-01    5.11170751087548635576E-16    8.21163555498268138422E-01
   -8.41196023515161598955E-16   -2.95198249955527191475E-16   -1.08465000588854922070E-02    4.00924549083396120838E-16
   -2.93839249949087499836E-01    8.36095166129858097248E-02   -4.37498088307391983662E-17   -3.03236044201123877695E-01
    5.88369810319897129647E-02   -2.52580734139030760321E-01   -2.44219521705519190167E-16    1.85329109724473722887E-01
    2.02244067323292919802E-01    1.33161268731113680564E-16    9.26698675064349644943E-16    7.25583573347442167822E-01
    5.29768106344144840136E-01    9.40979980445843882173E-17    2.02216139208504679109E-15    1.59580251736708711441E+00
   -5.03914215559639333541E-01   -1.74704564235549710516E-15   -3.73925346073929158446E-15   -3.02770605323267982811E+00
    3.92063941855112555228E-17    3.86140142003659025994E-15    1.50651437707418119766E-02   -2.53257197264124484652E-16
   -2.69874013677864786148E-16   -2.92198365048471630926E-15    6.35327077492713776508E-01   -3.00557907669179779205E-16
   -1.15438965788513833330E-14    6.31250020709114387931E-17    3.52128187853551035227E-16   -2.06324167239641016852E-14
    2.75437801449177459014E-14    6.98498840552792131897E-16   -1.04619513098137709350E-15   -1.08440519029341199573E-13
    1.35276891539652721619E-01   -3.09930737397391584715E-16    5.56777008251801298118E-17    1.05241060276945894159E-01
   -7.41768412510438124308E-01    1.84905667344092993928E-15    1.10070526759386079694E-15    9.67578802207713750683E-01
   -3.40457358965150780339E-02   -1.63832327691590128976E-19    2.68833842959566421867E-17    3.30136430698711735854E-02
   -1.45638065253090739007E-17    1.31661925874734214714E-01   -6.16990025918502985488E-16   -4.39029985433573000467E-16
   -2.80569077872881494142E-16   -3.92866703404224923977E-16    1.60988392263409441085E-01   -4.05506683205684803754E-16
   -2.76748271918592688573E-03    8.74595807474502652630E-17   -4.18223016803289357638E-17   -5.41267695321698202870E-02
    5.63785686001074176363E-16   -2.30243128731021533876E-16    3.56291666262225680523E-16    1.03766704324839657849E-14
   -3.33864701076524716949E-01    5.15580489056258777899E-16    1.62789347697074343360E-15    8.24592501443620062851E-01
    2.08490772099233889758E-01    1.85836821965930654193E-15   -1.08469657557984341249E-15    3.87117055225641715221E-01
   -6.45747964435059691179E-16   -6.85371880942226341382E-01   -7.66529376755681113309E-01    1.13840199500888036026E-15
   -3.31163890544920569425E-01    1.53468103253597297746E-15   -4.35788358098076204005E-16    3.72656896921497893249E-01
    5.43707044586900889449E-01    3.78925035835417930508E-16   -2.43804132635474412992E-17   -2.32602996658327898505E-02
   -3.33864701076534875490E-01    1.56596918967560149388E-15    9.61877641183617151003E-16    8.24592501443715542031E-01
    2.08490772099201748802E-01   -1.77785908629483296485E-15    1.83901492392184465070E-15    3.87117055225677464403E-01
    1.26082084823003346696E-15    6.85371880942222899691E-01   -7.66529376755684332956E-01    4.36990864390493197858E-16
    3.31163890544927008719E-01   -7.77203746465235277846E-16   -2.44620940253413181607E-16   -3.72656896921396474376E-01
    5.43707044586898002869E-01   -1.10690153366242068237E-15    2.61790149099433760338E-16   -2.32602996656101901340E-02
   -1.01851570222914179259E-13    6.25657139556594731622E-14    2.72539163577565080043E-01    2.56401898136608619320E-16
   -2.23671383613449016619E-13    1.60264267388962155796E-13    7.18226509129423540401E-01    7.09237947892249881500E-16
    4.25702946061793689369E-13    1.17755570939161270875E-13    7.98436763441732533231E-01   -1.00538668346052823938E-16
    6.97969511284704080664E-17    3.59649929923381280000E-17   -2.42748760669285001039E-16    1.27210361485418730482E-02
    8.55344725167397416371E-17    6.57270031066437655514E-18   -3.24356114271298459069E-17   -3.09805205794992544188E-01
    1.24724065830295709201E-02    8.36003367647667916529E-01   -1.55261851879657495899E-13   -4.46853084900119550195E-17
   -9.01246212652125788800E-01    1.52700787256758424570E-01   -2.79784499715078264533E-14    5.93114056227726953253E-16
   -9.02442379663396140706E-15   -1.31145169743670264030E-13   -6.67504932848896670450E-01   -2.14259812637343926786E-16
   -1.40392538570049424461E-13   -2.42382531959938156301E-14   -1.81997935478832223444E-01   -3.05253811420872630688E-16
   -5.16326527703935063499E-15   -1.76086044211541246080E-15   -1.52695395463135156350E-02   -2.54750862120149511788E-16
    4.13472248980094091842E-16   -8.40324470639402627193E-16    7.78794744156147219630E-16    3.94619597703666519305E-14
   -2.83289991325008891807E-17    2.78244846272763790563E-16    7.09647035620917431537E-19    1.04202562654108699114E+00
    8.28133616899544843237E-15    1.55752639061160345292E-14    1.07894804183384138141E-01   -4.63994041164060639175E-16
   -2.91316078766026102798E-02    1.37207633026136116561E-01   -3.80303980479896219154E-14   -1.36698722054406697303E-15
   -3.87247301774847507705E-01    2.91176762466961169817E-01   -4.76719389519123681875E-01   -9.22693739141361318451E-16
   -9.15433015113466391766E-02    3.30357634512105646785E-01   -1.60075089675139448087E-01    1.20741949984860900961E-15
   -3.64797826463734543966E-16    5.14393875092244419522E-16    2.13127293175083243905E-16    3.96375398484542396105E-01
    4.69502762583874910796E-01    7.23013928708240993792E-01   -7.44563316812449471627E-01    3.03247477085418053918E-16
   -6.93165243959857013678E-01    5.53844839709109137971E-01   -5.36441650340766851279E-01   -1.73640515716377977317E-16
    3.87247301774621577319E-01   -2.91176762467133753987E-01   -4.76719389519016989443E-01   -9.23103585655887451263E-16
    9.15433015112311759820E-02   -3.30357634512152220641E-01   -1.60075089675019516244E-01   -3.19875532053772249046E-16
    5.15096909191981292067E-17   -2.12735868004615867865E-16    6.71590203283123910369E-17    3.96375398484516028308E-01
    4.69502762583977883981E-01    7.23013928708525988043E-01    7.44563316812181352766E-01    2.95289774998257902362E-16
    6.93165243959863452972E-01   -5.53844839709317970922E-01   -5.36441650340562015131E-01   -6.42778963423534996065E-16
    2.86933946855694443358E-16    8.40779064930118197330E-02    1.46850101010067651819E-01    2.56823044459690288690E-14
    6.67278034362221860334E-16    1.54094054111314854305E-01    1.84184114820284933201E-01    3.81241483521239341811E-14
   -2.95477881765337909270E-15   -5.53629201794718084351E-01   -2.26036807094106206861E+00   -3.22377762591749502732E-13
   -1.25024347800534147918E-15   -1.40920146603980134023E-16    6.94889781346236145066E-18    2.49483067259704164391E-17
    1.22523543168309426173E-14    2.97962871049553983781E-16   -5.79947633111915971795E-16    8.03731943119848927345E-16
   -1.49986339306690996949E-16   -5.29277804002587734796E-15   -4.54920252358822330913E-14    4.63194126551480345189E-01
   -2.67593690246547532286E-16   -3.07596410981617454541E-15   -1.20780878709408725354E-13    1.14089714469234126959E+00
    8.58890440561374186073E-16    1.73728334909099835226E-02    4.00247719887426356422E-01    5.18341145087963347854E-14
    1.38858345117083341420E-15    5.34708488457398933846E-01    9.19899862861377037859E-01    1.30237998146331731812E-13
   -1.18194704942800696210E-15   -3.12636807463444077460E-01   -3.93822784864943029048E-02   -7.17985814325625316087E-15
    1.06521856174853790655E+00   -4.46732534919794224786E-15    7.90541093787827086822E-16    2.04166598888450634055E-15
   -3.88708815975967841275E-14   -9.89852253659583415633E-16    8.30705628772231915897E-16   -1.13502971414903037766E-15
   -8.50057237379934834153E-16   -8.81914404163497839262E-02    5.79498983539973977486E-01    6.49815595487091234413E-14
    2.24048730122716655850E-15    1.30892508980280513428E-14    1.52688174187423699708E-13   -1.32427762978615626288E+00
   -2.30180604857477352843E-16    3.03467934985330867192E-01    1.22976407215070193679E+00    1.07793253952556611353E+00
    8.72829322120361132006E-16    3.75170158884118726261E-02    1.91624075910469815476E-01    2.87736644654718820568E-01
    3.69761821643320998110E-01   -1.69321787786382099068E-15    9.31334912703621952516E-16    1.30479742343019292144E-16
    1.52787548000769466258E-15    3.51228516941754331793E-01    6.19786463946702670391E-01    6.03869250314866934382E-01
   -6.73869881136311007419E-16   -3.14083707440941106714E-01    4.91304706010565028773E-01    4.92659680591650217529E-01
    1.47088332857951447997E-15    3.03467934985343912313E-01    1.22976407215092753411E+00   -1.07793253952524303863E+00
    7.21154536723523782261E-16    3.75170158884126636600E-02    1.91624075910535013323E-01   -2.87736644654651874120E-01
   -3.69761821643350863109E-01    9.70378536777815067753E-16   -5.35412356637840963563E-17   -2.42046272841021038459E-15
   -2.11980935665845437161E-15   -3.51228516941764989934E-01   -6.19786463946830346039E-01    6.03869250314693295500E-01
   -1.04561141516553199479E-15   -3.14083707440936499289E-01    4.91304706010667557869E-01   -4.92659680591529203220E-01
    1.00089392524192311029E+00    8.10688123837107268987E-03    1.82567208451209777586E-15    2.16885958084791835229E-03
    1.15885006381111579400E-03   -4.43198165666460863754E-01    3.59175257578209836315E-15   -1.50184808696188804022E-01
   -2.68280099490047574742E-03   -3.77631909264372400692E-01   -1.58928897041563592482E-14   -3.48912810947878460066E-01
   -5.63396832780907375462E-17    2.19060338446652042075E-17    5.17741510790195196423E-16    5.40083570630336288972E-16
    1.04710506979490961892E-16   -6.32448091642916308576E-17    3.07295266294858031299E-16    3.69818527015507448517E-16
    1.26478936817017944809E-15    3.76071030475559498646E-16    4.89612755720988279684E-01   -2.22813761024138196027E-15
    7.08154132540093682883E-16   -2.60509941902748219324E-15    2.22699349477572916545E-01   -2.41567585249952253876E-15
   -1.75453436193656175240E-03    7.83210962643974412112E-02   -9.27839308125446428236E-16   -5.45208435779296007873E-01
    4.92533994571703174527E-04   -1.26756353563434506077E-02    5.71164643658568327283E-15   -3.65595106739725117517E-01
    2.83742552951342425462E-06   -3.57656661525511539949E-04   -5.10554275864471450720E-17    5.15018643027725150224E-03
   -2.81275770826911294933E-16   -2.87903854972769421729E-17   -2.45168355635704138271E-17   -4.62705352209489096544E-18
   -2.38013314260872229886E-16    2.21801946360258454819E-17    1.49442937662353886171E-17   -6.94380841382835499909E-18
   -6.61586935338011610137E-05    1.49388314602160419964E-03    3.62317638036519605496E-16   -2.29621708685233188660E-03
   -1.54139731072494882604E-16    1.05462658937164444580E-15   -2.67019165573464840879E-02    1.90218520599106954937E-16
   -2.26172860010455850687E-04   -1.92471157745284809915E-01   -3.27424354308978815542E-01    2.06438440556858671115E-01
    4.22010070522020196322E-04   -1.01609751085120960518E-02   -9.03093982800638461761E-02    4.08978099782951812213E-02
   -3.46506860370645613344E-16   -2.22715223273845099806E-17    3.38942657103746397255E-16   -1.77323210535956934654E-17
   -5.63069730233459663990E-04   -3.71522829903701626297E-02   -2.33349882907123717946E-02    3.17458602297802372494E-02
   -4.76291005286677885354E-04   -2.04138487142043779932E-02   -3.26279584648883486109E-02   -7.44743467060165337257E-03
   -2.26172860013326574094E-04   -1.92471157745277093865E-01    3.27424354308992415774E-01    2.06438440556859087449E-01
    4.22010070522560616895E-04   -1.01609751085118237002E-02    9.03093982800718675374E-02    4.08978099782969506393E-02
    7.98558424098015347295E-17    3.27085017530098904785E-16    2.52126715093536880914E-16    1.00458769767843593969E-16
    5.63069730234458756292E-04    3.71522829903676368724E-02   -2.33349882907179714819E-02   -3.17458602297798903047E-02
   -4.76291005287303957898E-04   -2.04138487142022546916E-02    3.26279584648905274236E-02   -7.44743467060142091962E-03
    1.14579477424830307692E-16    5.20406566886432442320E-02    3.05263352029566528717E-15   -1.17889666722658413857E-14
    3.43948484911066951842E-16   -7.26476653791556514772E-02   -1.25944495910274852610E-14   -2.47309794754593476751E-14
   -3.10914525226540027268E-16   -1.00006835956065454063E+00   -8.69960524415389784998E-14    7.61847073501798759361E-14
    6.31266581959336270380E-01   -6.81973067012707608531E-17    1.89659524888500719478E-16    9.23453522790034995790E-17
    4.95775908170683454745E-01    4.05989544555022815816E-18    1.41364421589150641287E-16   -2.89030001875605829917E-16
   -4.51938549390188104955E-16   -3.07806681520659166887E-14    2.83976867940232580168E-01    2.68749092080486362555E-01
   -3.26931896540175160586E-16   -8.42835416065684990352E-14    6.70910383576843072362E-01    4.56228145175173294135E-01
    4.42704647948978780635E-16    1.91498372884313816655E-01    2.04304623424703682602E-14    8.27732329198277305992E-15
    5.58510683600251178008E-16    3.38144074633764224469E-01    2.97256725975867163507E-14   -4.60455412002198000697E-14
    7.75923588390938226148E-18   -2.17397928713535058126E-03   -1.89648074507712768771E-16    1.36487553518902898873E-16
   -1.23595977151692406691E-16   -7.02570709817699166189E-17   -2.33962528794251674036E-17    9.85747681468306869520E-17
   -1.81679645155374720755E-02   -7.00788566335789522951E-18   -1.33435507739465146704E-17    1.87012386765345913256E-16
   -1.73397800188130180621E-17    4.92197500153685775504E-03   -1.32900501316414281961E-16   -1.89029967648103391912E-15
    7.24217451651650849774E-17    4.94634049716850894776E-15   -2.10568379899124594190E-02    1.11482959180648391606E-01
    3.17687908605940265603E-16    5.95156565955465288731E-02    2.65722272704275175315E-02    9.43977379014388051637E-01
    5.80155783571962637213E-17    8.28139719190878365040E-01    1.43928109581391838745E+00   -6.90341618436255410884E-01
    3.09693362825006930639E-02   -2.47024405482182318441E-16   -7.99763597054303618170E-17   -2.71966581539344106229E-16
    6.97813122982947078308E-17    1.73194556624928115707E-02    2.06451938154224891309E-02   -7.32593032572120272938E-02
    1.93627135762196187235E-17    1.62053391977131505675E-02    1.69048253300969099355E-02   -1.52101181677900376688E-01
   -7.81102739267164549766E-17    5.95156565955812164037E-02   -2.65722272704096047768E-02   -9.43977379014458328754E-01
    1.27564767143778703822E-17    8.28139719191151590927E-01   -1.43928109581376739712E+00    6.90341618436249082613E-01
    3.09693362825004814276E-02    3.65417342178977358744E-16   -2.70866998356430637969E-16    8.09462466345432736569E-16
   -5.05092721974402838991E-17   -1.73194556625038582898E-02    2.06451938154241371182E-02   -7.32593032571805385933E-02
    1.09709477300213168287E-16    1.62053391977228962439E-02   -1.69048253300978883196E-02    1.52101181677879809806E-01
    6.57584981985856187325E-02    3.13431335592844351884E-03    1.59219908063519847801E-16    1.07469142831204025662E-14
    2.56457072015927101116E-01    1.14513132535649278521E-01    3.90525046029374401334E-16    3.11907723533498684050E-14
   -3.19774896337082170650E-01    7.42017030876446881393E-01   -4.34016272176118345198E-17   -1.44370710326001036239E-15
    8.02164150607105671314E-17   -6.29095712695402808161E-16    9.67844453317966091355E-01   -3.78375927674238903832E-16
    4.53231120346882715682E-16    9.98172268727637758005E-16   -1.02298199907664533193E+00    1.22923578642037536973E-16
    7.10979264402825532531E-15   -4.11664931326138826508E-14    3.11713002697969468445E-16    7.35210768891902066713E-01
   -1.01337101565441702911E-14    9.17308752759901357969E-14   -8.08629662631032408351E-16   -1.76129458204350086703E+00
   -3.28987881179205965410E-01    7.55291401307655485553E-01    4.69144150196589274193E-16    5.04418972238638533254E-14
    7.49842240164941449543E-03   -1.27496245456175349986E+00   -7.58477834296552167316E-16   -6.89767707028901756567E-14
   -2.45015878604117152018E-04    3.77660044764796878902E-03    4.44386974886697429285E-18   -2.65418811740895715626E-16
   -2.16124364309807107483E-16   -9.19357200650759365462E-17    1.96058545658490759769E-16    3.96755834281220977533E-16
   -1.00329792134632633364E-16   -3.81298711909571522066E-17   -3.33203965706697045890E-03   -1.18927738338373666180E-16
    5.33281366537791332028E-02    3.40122367690937413287E-03   -1.46156823407991502928E-17    2.50495527673854535028E-17
    9.94484905089467717141E-16   -8.12795984777843878160E-15    1.56128880168680871920E-17    4.37834728803858097557E-02
   -7.89991627890943348689E-01   -5.41942223316223326002E-01   -7.14531576991983544861E-16   -3.77853970458730537008E-01
    5.49512509036012897212E-01   -1.13074601525771117894E-01   -1.61834819893228641563E-16   -8.21163555498282682343E-01
   -1.72174932980127538174E-16   -2.89044482619181983763E-16   -1.08465000588791361802E-02    2.60166985522998752263E-16
    2.93839249949085556946E-01   -8.36095166129462441518E-02   -1.41990771976731329669E-16   -3.03236044201130039433E-01
    5.88369810319826977429E-02   -2.52580734138993567850E-01   -2.33131709101706526674E-16   -1.85329109724483298560E-01
   -7.89991627890934244860E-01   -5.41942223316234872321E-01   -1.57406483766883911007E-16    3.77853970458701227120E-01
    5.49512509036000462714E-01   -1.13074601525885748421E-01    5.11170751087548635576E-16    8.21163555498268138422E-01
   -8.41196023515161598955E-16   -2.95198249955527191475E-16   -1.08465000588854922070E-02    4.00924549083396120838E-16
   -2.93839249949087499836E-01    8.36095166129858097248E-02   -4.37498088307391983662E-17   -3.03236044201123877695E-01
    5.88369810319897129647E-02   -2.52580734139030760321E-01   -2.44219521705519190167E-16    1.85329109724473722887E-01
    2.02244067323292919802E-01    1.33161268731113680564E-16    9.26698675064349644943E-16    7.25583573347442167822E-01
    5.29768106344144840136E-01    9.40979980445843882173E-17    2.02216139208504679109E-15    1.59580251736708711441E+00
   -5.03914215559639333541E-01   -1.74704564235549710516E-15   -3.73925346073929158446E-15   -3.02770605323267982811E+00
    3.92063941855112555228E-17    3.86140142003659025994E-15    1.50651437707418119766E-02   -2.53257197264124484652E-16
   -2.69874013677864786148E-16   -2.92198365048471630926E-15    6.35327077492713776508E-01   -3.00557907669179779205E-16
   -1.15438965788513833330E-14    6.31250020709114387931E-17    3.52128187853551035227E-16   -2.06324167239641016852E-14
    2.75437801449177459014E-14    6.98498840552792131897E-16   -1.04619513098137709350E-15   -1.08440519029341199573E-13
    1.35276891539652721619E-01   -3.09930737397391584715E-16    5.56777008251801298118E-17    1.05241060276945894159E-01
   -7.41768412510438124308E-01    1.84905667344092993928E-15    1.10070526759386079694E-15    9.67578802207713750683E-01
   -3.40457358965150780339E-02   -1.63832327691590128976E-19    2.68833842959566421867E-17    3.30136430698711735854E-02
   -1.45638065253090739007E-17    1.31661925874734214714E-01   -6.16990025918502985488E-16   -4.39029985433573000467E-16
   -2.80569077872881494142E-16   -3.92866703404224923977E-16    1.60988392263409441085E-01   -4.05506683205684803754E-16
   -2.76748271918592688573E-03    8.74595807474502652630E-17   -4.18223016803289357638E-17   -5.41267695321698202870E-02
    5.63785686001074176363E-16   -2.30243128731021533876E-16    3.56291666262225680523E-16    1.03766704324839657849E-14
   -3.33864701076524716949E-01    5.15580489056258777899E-16    1.62789347697074343360E-15    8.24592501443620062851E-01
    2.08490772099233889758E-01    1.85836821965930654193E-15   -1.08469657557984341249E-15    3.87117055225641715221E-01
   -6.45747964435059691179E-16   -6.85371880942226341382E-01   -7.66529376755681113309E-01    1.13840199500888036026E-15
   -3.31163890544920569425E-01    1.53468103253597297746E-15   -4.35788358098076204005E-16    3.72656896921497893249E-01
    5.43707044586900889449E-01    3.78925035835417930508E-16   -2.43804132635474412992E-17   -2.32602996658327898505E-02
   -3.33864701076534875490E-01    1.56596918967560149388E-15    9.61877641183617151003E-16    8.24592501443715542031E-01
    2.08490772099201748802E-01   -1.77785908629483296485E-15    1.83901492392184465070E-15    3.87117055225677464403E-01
    1.26082084823003346696E-15    6.85371880942222899691E-01   -7.66529376755684332956E-01    4.36990864390493197858E-16
    3.31163890544927008719E-01   -7.77203746465235277846E-16   -2.44620940253413181607E-16   -3.72656896921396474376E-01
    5.43707044586898002869E-01   -1.10690153366242068237E-15    2.61790149099433760338E-16   -2.32602996656101901340E-02
   -1.01851570222914179259E-13    6.25657139556594731622E-14    2.72539163577565080043E-01    2.56401898136608619320E-16
   -2.23671383613449016619E-13    1.60264267388962155796E-13    7.18226509129423540401E-01    7.09237947892249881500E-16
    4.25702946061793689369E-13    1.17755570939161270875E-13    7.98436763441732533231E-01   -1.00538668346052823938E-16
    6.97969511284704080664E-17    3.59649929923381280000E-17   -2.42748760669285001039E-16    1.27210361485418730482E-02
    8.55344725167397416371E-17    6.57270031066437655514E-18   -3.24356114271298459069E-17   -3.09805205794992544188E-01
    1.24724065830295709201E-02    8.36003367647667916529E-01   -1.55261851879657495899E-13   -4.46853084900119550195E-17
   -9.01246212652125788800E-01    1.52700787256758424570E-01   -2.79784499715078264533E-14    5.93114056227726953253E-16
   -9.02442379663396140706E-15   -1.31145169743670264030E-13   -6.67504932848896670450E-01   -2.14259812637343926786E-16
   -1.40392538570049424461E-13   -2.42382531959938156301E-14   -1.81997935478832223444E-01   -3.05253811420872630688E-16
   -5.16326527703935063499E-15   -1.76086044211541246080E-15   -1.52695395463135156350E-02   -2.54750862120149511788E-16
    4.13472248980094091842E-16   -8.40324470639402627193E-16    7.78794744156147219630E-16    3.94619597703666519305E-14
   -2.83289991325008891807E-17    2.78244846272763790563E-16    7.09647035620917431537E-19    1.04202562654108699114E+00
    8.28133616899544843237E-15    1.55752639061160345292E-14    1.07894804183384138141E-01   -4.63994041164060639175E-16
   -2.91316078766026102798E-02    1.37207633026136116561E-01   -3.80303980479896219154E-14   -1.36698722054406697303E-15
   -3.87247301774847507705E-01    2.91176762466961169817E-01   -4.76719389519123681875E-01   -9.22693739141361318451E-16
   -9.15433015113466391766E-02    3.30357634512105646785E-01   -1.60075089675139448087E-01    1.20741949984860900961E-15
   -3.64797826463734543966E-16    5.14393875092244419522E-16    2.13127293175083243905E-16    3.96375398484542396105E-01
    4.69502762583874910796E-01    7.23013928708240993792E-01   -7.44563316812449471627E-01    3.03247477085418053918E-16
   -6.93165243959857013678E-01    5.53844839709109137971E-01   -5.36441650340766851279E-01   -1.73640515716377977317E-16
    3.87247301774621577319E-01   -2.91176762467133753987E-01   -4.76719389519016989443E-01   -9.23103585655887451263E-16
    9.15433015112311759820E-02   -3.30357634512152220641E-01   -1.60075089675019516244E-01   -3.19875532053772249046E-16
    5.15096909191981292067E-17   -2.12735868004615867865E-16    6.71590203283123910369E-17    3.96375398484516028308E-01
    4.69502762583977883981E-01    7.23013928708525988043E-01    7.44563316812181352766E-01    2.95289774998257902362E-16
    6.93165243959863452972E-01   -5.53844839709317970922E-01   -5.36441650340562015131E-01   -6.42778963423534996065E-16
    2.86933946855694443358E-16    8.40779064930118197330E-02    1.46850101010067651819E-01    2.56823044459690288690E-14
    6.67278034362221860334E-16    1.54094054111314854305E-01    1.84184114820284933201E-01    3.81241483521239341811E-14
   -2.95477881765337909270E-15   -5.53629201794718084351E-01   -2.26036807094106206861E+00   -3.22377762591749502732E-13
   -1.25024347800534147918E-15   -1.40920146603980134023E-16    6.94889781346236145066E-18    2.49483067259704164391E-17
    1.22523543168309426173E-14    2.97962871049553983781E-16   -5.79947633111915971795E-16    8.03731943119848927345E-16
   -1.49986339306690996949E-16   -5.29277804002587734796E-15   -4.54920252358822330913E-14    4.63194126551480345189E-01
   -2.67593690246547532286E-16   -3.07596410981617454541E-15   -1.20780878709408725354E-13    1.14089714469234126959E+00
    8.58890440561374186073E-16    1.73728334909099835226E-02    4.00247719887426356422E-01    5.18341145087963347854E-14
    1.38858345117083341420E-15    5.34708488457398933846E-01    9.19899862861377037859E-01    1.30237998146331731812E-13
   -1.18194704942800696210E-15   -3.12636807463444077460E-01   -3.93822784864943029048E-02   -7.17985814325625316087E-15
    1.06521856174853790655E+00   -4.46732534919794224786E-15    7.90541093787827086822E-16    2.04166598888450634055E-15
   -3.88708815975967841275E-14   -9.89852253659583415633E-16    8.30705628772231915897E-16   -1.13502971414903037766E-15
   -8.50057237379934834153E-16   -8.81914404163497839262E-02    5.79498983539973977486E-01    6.49815595487091234413E-14
    2.24048730122716655850E-15    1.30892508980280513428E-14    1.52688174187423699708E-13   -1.32427762978615626288E+00
   -2.30180604857477352843E-16    3.03467934985330867192E-01    1.22976407215070193679E+00    1.07793253952556611353E+00
    8.72829322120361132006E-16    3.75170158884118726261E-02    1.91624075910469815476E-01    2.87736644654718820568E-01
    3.69761821643320998110E-01   -1.69321787786382099068E-15    9.31334912703621952516E-16    1.30479742343019292144E-16
    1.52787548000769466258E-15    3.51228516941754331793E-01    6.19786463946702670391E-01    6.03869250314866934382E-01
   -6.73869881136311007419E-16   -3.14083707440941106714E-01    4.91304706010565028773E-01    4.92659680591650217529E-01
    1.47088332857951447997E-15    3.03467934985343912313E-01    1.22976407215092753411E+00   -1.07793253952524303863E+00
    7.21154536723523782261E-16    3.75170158884126636600E-02    1.91624075910535013323E-01   -2.87736644654651874120E-01
   -3.69761821643350863109E-01    9.70378536777815067753E-16   -5.35412356637840963563E-17   -2.42046272841021038459E-15
   -2.11980935665845437161E-15   -3.51228516941764989934E-01   -6.19786463946830346039E-01    6.03869250314693295500E-01
   -1.04561141516553199479E-15   -3.14083707440936499289E-01    4.91304706010667557869E-01   -4.92659680591529203220E-01
