    1.00108809837644541219E+00    1.14124643083283279152E-03   -6.78891683401330794240E-04    8.33800369909329503420E-17
    2.00642646504776934677E-03   -4.83487014902698075680E-01    1.35847272777698341306E-01   -1.79730553687812874700E-15
   -3.25827433579678124587E-03   -4.69002697670262092000E-01    3.04158883994092299474E-01   -4.52713125839545261320E-15
   -2.33818276020708738516E-16    2.89604864424933501587E-17    1.03540086840369000693E-14    6.80999467963031346329E-01
    4.53391188703929083738E-16    1.53735734421049053536E-16    6.45725429119411351820E-15    4.55723142671259184855E-01
   -3.41927491516699758499E-17    4.00400894987191851902E-16    6.06542675102185099963E-16    1.07218466397534309409E-02
    9.94174664737429371707E-19   -2.07335804010255140083E-17    2.70424649477752155523E-16    7.17503298574235625490E-03
    1.54481451919213333586E-03   -7.54405524662847271067E-02   -5.38490838638167601538E-01    7.90975566383590651782E-15
   -6.30472020782771747777E-04   -4.44088393507706402641E-03   -2.96339738686039189108E-01    4.33476054253658949536E-15
   -1.61826544120733067759E-05    6.85229929160436831981E-04   -7.46666087076532265787E-03    1.03930659867991078497E-16
    8.33536006971261956601E-06   -4.71816072282858149211E-04    1.75696096577633510856E-04    1.17459116786288795647E-16
   -2.86123807255760240413E-16    1.87080436796334514517E-16    3.31947750482388306430E-16    1.68373645084716229425E-02
    1.32322558084398638313E-04   -7.49000752340553150460E-03    2.78914848922884837934E-03   -5.36632125811893059670E-17
   -3.96987476946982319313E-18   -2.74075088263873704446E-17    1.07387488936443156648E-17    2.65092189598135289774E-04
   -1.42981858423176270371E-04   -1.85568072062207073403E-01   -3.73483237103666709800E-01    4.71947765400174814704E-15
    8.42907595346647684452E-04   -5.67998444066889016796E-03   -6.59649018475592374688E-02    1.54098618471378836199E-15
   -2.70561914029653264703E-16   -7.18268800761690640732E-17    2.26011747594992341829E-16    2.62188286513935116251E-02
   -2.64976543212298248718E-18    1.23606773072383975525E-17    1.67344722347841179423E-17    4.12796592506962868770E-04
    7.37931374774576545432E-04    4.19078763037222176702E-02    4.28688508969134254856E-02   -4.88649924946876702530E-16
   -4.10193949943769224782E-17    3.67695908145934877154E-02    2.73034558905094100478E-02    1.31645674267226502754E-15
   -4.16162633206452081057E-17   -6.80285157059875855712E-02    1.26028104366326970665E-01    3.98980851931600425981E-15
    3.54027739586487266981E-16   -8.01461562045635789175E-01   -1.33729507017132959179E-01    9.32495044527322800217E-16
    1.03699485845029203829E-02    3.53865024009107801361E-16   -8.74811877839317441808E-16    9.33327066063975530064E-01
    7.53564559459571434857E-03   -3.65100438433980572368E-16    1.68170269724972658074E-15   -1.04263556143557112321E+00
   -6.58648617735941188656E-01    9.12267227499610863376E-18    8.10122440772534040692E-16    1.46945631205884375686E-02
   -4.78627498890955016542E-01   -2.47845491244488719423E-16   -9.24338505784887630743E-16   -1.64155467320765205419E-02
   -1.84295429547564473338E-16   -2.31539920109227026490E-01    3.69167098282345451654E-01   -3.64907286154212153159E-15
    3.42034047447042455200E-17   -4.40091819780325188560E-01    2.28625194115787688798E-01    9.81649195321021890158E-15
   -6.15793635913813260259E-18   -3.94647329043054315156E-03   -3.37508532236294248041E-02    9.40726377166233607247E-17
    1.55813207590394191535E-17   -1.25373314269836168408E-04    2.12899217478392427426E-04   -1.38203219000828349812E-17
    2.56609048611315042170E-04   -6.72786434212962025308E-18    1.36626461850794453443E-16    6.39339685463102347721E-04
    3.98091925251254006726E-18   -1.99028206600546531818E-03    3.37974230706224914103E-03    8.83512422923591451186E-17
   -1.62985567179138521321E-02   -4.90340960501197250098E-17    5.26806681883840831744E-17    1.00659433385821038347E-05
   -4.41309941840647254140E-16    8.35268379134138094777E-02   -1.27648526634199832586E+00   -7.05003550335694837090E-15
   -4.14550758759214302378E-16    1.40928194254253957851E+00    8.76292040946512806876E-01   -8.91072985482963086069E-16
    4.91358159416183061172E-04   -1.84963400259504330381E-16   -4.81689484757147038140E-16   -3.53151791479955484698E-02
   -3.12086766752669025893E-02    2.87188481865883998981E-18    1.69480485146463749058E-17   -5.56012086195662520900E-04
   -7.24670655658025173677E-17   -2.92633217317785979117E-02   -2.92060660828965534819E-01    1.96272284856833021573E-15
    6.05053423495648806663E-02   -1.98549030217021846293E-15    5.24765508146743891534E-15    2.22779986944412408998E-15
    2.37247107173077176334E-01   -6.20917196772290992330E-15    1.19476803817522967742E-14    5.18560515373713816675E-15
    4.57940603300114434937E-01   -4.31460879473804644362E-15   -1.97405631510666670191E-14   -7.53688171647276307580E-15
   -5.78162013866107924066E-15    1.49437981094849257901E-02    1.41982566486069505113E-02   -2.91733462832960996434E-04
    6.50806208465887357724E-15   -1.61887441296388219503E-02   -4.41189830742109823092E-01    7.11591080599035044618E-03
   -1.58202399101875202156E-14   -9.49157258430925687698E-01    2.23541335198204404794E-04    1.85294884035992236948E-02
    1.72177232086351533593E-14    1.02823016497895491916E+00   -6.94621644622131061836E-03   -4.51967989822500582076E-01
   -7.05143071903763130059E-01    1.25099706350033304834E-14    5.40023019498985165522E-16   -2.67068410724330218801E-16
    1.52213539033145539570E+00   -2.43640101063087924665E-14   -6.93492770232774362358E-15   -1.91641675365120550670E-15
   -1.00387070294131759002E-03   -2.15098252401656829877E-18   -3.92533117657684194674E-17    1.81473400131833242684E-17
    2.33725901440922886106E-04    8.12758663845116655934E-18   -3.65842791680439325010E-16    1.82542357461726088361E-17
    3.64038001557184467694E-16    1.42731604517290893157E-05    1.59520644089870877735E-01   -2.35389801413738147112E-03
    3.71036270921784464352E-03   -5.74012785523760918828E-17    7.81685159585387276761E-17    1.25084346051668957914E-18
   -1.03693702855028145775E-16   -9.06561621365609636956E-04    2.51153776510454037132E-03    1.49508135037510286880E-01
   -7.83860107674131612043E-01    1.04394475604195013447E-14    4.61299989197185627929E-15    1.83113942462323225742E-15
   -2.91996024749445914903E-01    5.71291089267078701825E-15    7.40086893598103461016E-15    1.96777061947766552490E-15
    6.83022608223393858620E-16   -6.63242255051060326278E-04    1.01187039361595809694E+00   -1.60060786832236130739E-02
    5.55108950952508673414E-16    4.21259171107203136963E-02    1.59311713004750624134E-02    1.01662814566299952723E+00
    3.54460516612202125586E-01   -5.23511198069661587024E-15   -3.48098574902012526629E-15   -1.03706323395600722218E-15
    7.15321100572575807597E-01    1.76309446931882995990E-01    1.24699958061781742702E-14    5.17506477003615121546E-03
    1.65369370647431734866E+00    4.64625528792291297986E-01    6.51059180817303847624E-14    2.63405573155579657285E-02
   -2.47385361561691441423E+00    5.31015189724120539871E-01    1.92621108009959002744E-13    7.47818014959438503997E-02
   -1.79357301144324974489E-15    6.07639559228403048972E-17    2.06377437750547825166E-16   -3.93369100472517793946E-17
    5.43880434197995562829E-15    1.27217030453743273801E-15    9.60840835408153572602E-16    1.38539214294598603738E-16
   -2.04328976787598112539E-15    6.89016949463974792425E-16    3.33853522297548757062E-17    4.48414195548719856956E-17
    3.91073401440230100982E-15   -4.08337901335294281934E-16   -8.97940610498971819905E-17   -4.99991341411893383039E-17
   -1.41574250801933029104E-02    7.55503889075048729040E-01    9.36592740894341894604E-14    3.68957138316429109071E-02
   -7.26944950370809861440E-01    1.10900374663722808832E-01    1.11702071994706237636E-13    4.41117800241851709675E-02
    1.41960625117539592649E-02   -4.75423563879992031045E-02    1.85478769068081860684E-14    7.54496653036756167315E-03
    1.72495655621137059118E-05    1.23676724569865342448E-03   -9.99504358124425396070E-01   -3.14393340859840664248E-02
   -1.60104174184547634931E-15    4.55245751814174059106E-15    2.57424169386167636327E-15    5.96575115399512309200E-16
    2.73834198184744691783E-04    1.96334896566002191365E-02    1.57403787301941266996E-02   -4.99094589369688812486E-01
   -2.27366390212715449621E-16    1.14658829010925050308E-16   -2.04342757878202553148E-16   -2.48739487674811225072E-17
    5.85405476543598202177E-01   -4.79801117427644474578E-01   -1.88445548157357695669E-13   -7.48768459794338647750E-02
    7.56308150627257091969E-01   -3.00850540920006626067E-01   -5.70275613411809924646E-14   -2.17147907605335123427E-02
   -7.83114278541089711081E-15   -2.27790508374135711060E-15   -2.08874825002382457518E-15   -1.21881992512458831949E-16
   -3.55145573750732605861E-15   -1.46685898532251954064E-16    1.23800905558250529302E-16    1.75020697193610823316E-17
   -3.35763463437050324600E-01    1.27456451726175767902E+00    2.02116364211456626269E-13    7.94920139896502786492E-02
    9.43274958220886670853E-16    3.54986400926263941481E-16    1.07878022782638874344E-01
    2.37374132781210685140E-15    8.78444560790386068245E-16    1.40124429191296140385E-01
    7.29160635238685430847E-16   -2.34771054782552092965E-16   -1.52593289528795539312E+00
    1.60152519531844700351E-02   -2.52361507189279878332E-04    1.07764444258260308782E-15
   -2.12073954959788285590E-01    3.29427040400720981539E-03   -7.07781303746630772435E-16
    2.52148618929965166648E-04    1.60287735783363576025E-02   -5.81251153364225143859E-16
   -3.33895183232014742397E-03   -2.09236008295230313525E-01    4.81062702468171314188E-16
    3.75805155639283974819E-15    4.97620723762464747812E-16   -4.06700953479000870683E-01
   -1.07286754245154191770E-15    1.62548100458943887470E-16   -1.01380299332638701415E+00
   -1.24435788510955104240E-15    2.78565957875716893643E-16   -3.61866753275617569763E-01
   -2.81531397149182241326E-15    2.43656728155822024825E-16   -8.40981805797960885532E-04
   -1.04941416918742280728E+00    1.65455960746853474042E-02    3.21436816790480214094E-15
   -1.77630917610386979454E-16    2.48995530395028101639E-17   -1.33504567193257848295E-02
   -1.65222710338741723968E-02   -1.05089566215373886315E+00   -9.08848117137009313272E-16
    3.51719157384367168852E-16   -7.79538464781632772263E-16    1.57823147879730019127E+00
   -1.05720197447134066446E-15    2.65713886217203426385E-16    3.04867617501044019246E-01
    5.45207300294381136396E-01   -8.43143958358189005153E-03   -2.80962800049846841316E-15
    8.58389666311222369888E-03    5.35523969284733003526E-01    2.71789270868566531564E-16
    4.65349124610793027513E-15    9.03614730140070182554E-16   -1.08982966922200441573E+00
    1.00039949327046207017E+00    7.84974593782426614819E-03    4.30820269121380636929E-03   -5.34002562320267466488E-17
   -6.76202917249885408942E-04   -4.48302805694205774856E-01   -1.53663016939963453789E-01   -1.03207406696331488416E-16
   -2.51327838875365673632E-03   -4.50156749109543896648E-01   -3.48889262293787416613E-01    3.14024730733360851681E-16
   -2.32560447638211777933E-16    6.69097975781719435033E-19   -1.03474775188936437997E-15    1.00968419716995320978E-02
    4.48646058651208210330E-16    2.23991957369065369534E-16   -5.54763265130316537559E-16    7.81304226169079844844E-03
   -1.96399098432772977623E-17    1.99653993121400275749E-16   -2.13004612423721975157E-16   -6.41302216107040079507E-01
   -1.78984099263359051696E-17    1.01338601908816855992E-16   -8.87116934500949474351E-18   -4.96246383869762164309E-01
    1.46022684598490562480E-03   -8.52780628199829165981E-02    5.10944414797345980439E-01   -1.36507200675719565645E-17
   -3.95411776895420363689E-04    5.48197689247935816131E-03    3.00381598778802438865E-01    1.04967066953702957272E-16
    1.73720971096535443555E-04   -4.41121110925254793222E-03    5.20576345476476010782E-03   -8.76633092689112268385E-19
   -2.54636366653752728060E-05    5.41378380349575205784E-04    1.97139403234121993657E-04    2.65369952714398021329E-18
   -2.88418762393830796892E-16    2.05808343151879388153E-16   -4.43644100484789808184E-17    2.27910364079074402241E-04
   -4.04231312592741147145E-04    8.59429845661237486187E-03    3.12955768174440381035E-03    5.89546849824391234065E-18
    1.39703331382736899474E-18   -4.03839975088597745159E-17   -8.67555026970685658417E-18   -1.44757560797017081206E-02
   -3.69074778507217564436E-04   -2.44239972228103952023E-01    3.82580148585961010710E-01   -2.57489321944922158488E-16
    6.27544352596195033171E-04   -2.20283226039303461907E-02    7.68257738255962996377E-02   -3.35927235352227155992E-16
   -2.77652876756496782405E-16    6.07898344763226318961E-18    1.36802469982349482107E-16    5.41888209592022692188E-04
   -8.45777279627513150804E-19    1.55733113140105697789E-18   -8.29531440856385886305E-18   -3.44180993094556353373E-02
    8.08663284695758008934E-04    4.65796686560869185878E-02   -3.74911624604402290983E-02   -8.18676706974871835857E-17
    2.79649022224609665533E-17    4.44298525823902043519E-02    2.31995087670605511232E-02    5.29524683181920516328E-02
   -2.60137287239525049431E-16   -5.84999759107116060197E-02    1.31007819239249895249E-01    2.26738729672288308326E-01
   -9.59388028288515932151E-16   -8.31305095237879210224E-01   -1.02259565552248646303E-01    5.02275323276420326835E-01
    4.85095372573489891366E-01   -9.74908517121862724928E-17   -8.66521217265341002639E-16    3.25043713727209506907E-15
    6.47965448307556868279E-01   -6.72240268112542707704E-16    2.50994298904929616554E-15   -3.16432636122830943198E-15
    7.63747761205244880822E-03   -2.57941825163465709023E-16    6.79635128994801411582E-16   -1.79330175643030580621E-14
    1.02017497684599132979E-02    1.94885467970296956263E-16   -8.52798620780058425549E-16    1.90915562208310346322E-14
   -1.28664662648441882211E-16   -2.31204098814556224806E-01    3.70983310406085176059E-01   -7.12907242648631034321E-01
    5.23395727858522110734E-17   -4.51553562559163901291E-01    2.56150618987329936616E-01    1.52841728980602242771E+00
    1.68581771964141463710E-17   -5.31327530008470112766E-03   -3.17324626857150085546E-02    1.43244678417538064304E-03
   -6.14392536479584922979E-17    7.15851817087321401489E-05   -2.27460191727255159897E-04   -1.86486499116710584137E-04
    1.27497749142217540325E-02   -2.52085147050280394160E-17    8.56151619481509186794E-17   -5.54037577057584167224E-17
    5.96631800020182364791E-18    1.13640374091232847394E-03   -3.61089553196693169301E-03   -2.96044446862550993463E-03
    2.00736032482621814046E-04   -8.01214481428341792039E-17    8.54286619449951194072E-17   -1.23384754044050369779E-16
    7.51799549610468956309E-16    5.41815951750849941759E-02   -1.27217980458970769675E+00   -7.94206700817709720930E-01
    1.06325296560408062129E-15    1.42809151836395020752E+00    8.51901576874981802945E-01   -3.05899122180430138584E-01
    4.01385306268681810171E-02   -9.07719970990432804824E-17   -5.45238963457928440769E-16    5.17396435523511010198E-16
    6.31952284799324175840E-04   -3.45308936390306249404E-17    3.32422809032254245078E-17    6.12796604936833282464E-16
    1.01237538367068421464E-16   -2.89768518321368850899E-02   -3.01268292782108260131E-01    3.67601319427501682657E-01
   -1.94065298279052203440E-15    1.23061283695054297197E-15    1.39804028596087762848E-15    6.48267866104822663997E-15
   -6.36339088628794015207E-15    2.87544108990727476563E-15    3.27089475906965148502E-15    1.48612852509368068470E-14
   -5.68156412562461771410E-15   -5.24551175715253240216E-15   -4.68136864965378002022E-15   -2.41155326599284048887E-14
    1.51288286492445665093E-02    1.04870395463945564885E+00   -3.51040125944061332311E-04    7.92838661192850173431E-03
   -1.60157747815903063471E-02   -9.35138104382209012222E-01    7.21677325274245468067E-03   -4.46272453420947123881E-01
   -9.60909496955425601605E-01    1.65110892168248632461E-02    2.22963587368933749411E-02    1.24826742680818103580E-04
    1.01724399459690717507E+00   -1.47230766158551670819E-02   -4.58374281096866120766E-01   -7.02623868332477065357E-03
    1.43716168657282302270E-14    3.09878282189620322129E-15   -4.17346153555631348383E-16    2.11557696902154663875E-16
   -2.75372102722356483566E-14   -4.80116049171046029126E-15   -9.10734955400874662314E-16   -8.02236804315917630846E-15
   -2.97850738381132105127E-17    1.23856034768947156111E-16    5.58995851045952576124E-18   -2.30951038266236303066E-17
    1.00182483398931155639E-17    1.89399291821370916291E-17   -9.15144570226092762384E-18   -4.03712606971767428134E-16
    9.01122863352413955011E-07    3.34064040311703256553E-03   -2.28781653164929210664E-03    1.32101283439643224504E-01
    5.21101403488566425905E-17   -2.95268538136431857296E-16    1.29831506598134440336E-18   -2.10427737435358038269E-16
   -5.72349345340284382288E-05    5.25959795355169417233E-05    1.45310961180287023797E-01    2.07983966006757567749E-03
    1.23420277585029726578E-14    1.15017826064230174423E-16    1.10411124480901093835E-15    5.65080424693127217291E-15
    5.81120337471839916442E-15    2.96573890234832349334E-15    1.15045178108343464560E-15    8.77282998895906511004E-15
   -7.27451868207034855161E-04   -2.49031786313352113127E-02   -1.60354226383341291751E-02    1.02561531084813850612E+00
    4.62041989465248603697E-02   -3.92082629559857673458E-04    1.01849193074442845308E+00    1.61475751327509915722E-02
   -5.91037349320612871956E-15   -1.81436638175409631534E-15   -7.16505839486148076674E-16   -4.37819352151479714753E-15
    7.13244905137635276660E-01    1.86876355949781303156E-01    2.35799189221030273924E-17    4.88460857402778225733E-03
    1.65234068241261877752E+00    4.98423304278766576836E-01    1.45126462570140975207E-15    2.30823230430505614563E-02
   -2.46472703031930118200E+00    5.22533044482830666411E-01    8.86409382657981716030E-15    4.48829965500684019419E-02
   -2.61325618116838433699E-15    1.15829482876054081028E-16    1.31087295126172405148E-16    9.71413104759391285339E-16
    6.77127258520141315794E-15    1.29296857732099744633E-15   -2.93977754841024171376E-16   -1.08716827996277541630E-15
   -2.03954404716009646727E-15    9.23615132364068909152E-16   -3.99413275122474937904E-17    6.30665601780380279598E-17
    3.32166471352424552196E-15   -5.62178731603534944528E-16    4.76033792570082451095E-17   -4.95496836764084362345E-17
   -3.04488443078478679404E-02    7.67019197592178736400E-01    2.43398497767242335175E-15    2.14542884684453226407E-02
   -7.08582035275338584235E-01    1.17652832649730768044E-01    3.62728170929132417594E-15    2.60729924117452833976E-02
    1.53859108803696062462E-02   -4.31526965455095792845E-02   -3.40359278647128844526E-16    3.93034391618932252982E-03
   -4.05029665562301737923E-05   -7.60523065646977907729E-04   -9.99504358124339575831E-01    3.14616676314522503155E-02
   -1.67605340474231194665E-15    4.20640458436146427041E-15   -2.44759468455279706414E-15    9.98674441590874393863E-16
   -6.42978359662119852182E-04   -1.20731866039491073789E-02    1.57403787315565403537E-02    4.99449130922959616541E-01
   -4.20762619656157241608E-17    5.21996708996665209165E-17    3.54190666943293681293E-17   -3.09315743727018120025E-17
    5.80365566361133566886E-01   -5.03285673918366094348E-01   -5.40539630386750389793E-15   -4.57111894327115117487E-02
    7.47041655125409986837E-01   -2.92175055609618983254E-01   -2.55149280021166347043E-15   -9.36205835281666079450E-03
   -9.76179519943046240352E-15   -1.79938477584613377657E-15    4.68999350699314688044E-16    4.36892592846268386191E-16
   -2.39410686917448973884E-15   -9.65009961040014898745E-17   -3.83754515058212929854E-17    2.05918882166371623235E-17
   -3.51631527974618440791E-01    1.27930890946722253254E+00    5.28763242729162342982E-15    4.51391093000331269924E-02
    3.42395506245951933470E-16    8.87704180611029810701E-16    1.11851796700879357882E-01
    8.48817265265664642582E-16    2.27253657133403308328E-15    1.55407665598340238855E-01
   -2.60980832074421621694E-16    6.09788309036739799744E-16   -1.51337422172605040593E+00
   -2.25448566698647942215E-04    1.25460000634029442135E-02    1.18243744946653676384E-15
    3.27403538416465083802E-03   -2.02224446367051863271E-01   -8.54890336437646848563E-16
    1.43193947025229122855E-02    1.97527744073764158737E-04   -6.11455327519474148916E-16
   -2.07950778407813147153E-01   -3.18387840631402735739E-03    4.87564406377470035782E-16
    4.89029105865563570793E-16    3.93526648350738404237E-15   -4.03950697584555484809E-01
    1.29507594187742882810E-16   -1.64078106862128749730E-15   -1.00435602877939667010E+00
    2.67706049367136128501E-16   -1.14794021999823456135E-15   -3.62601779942727631134E-01
   -7.60767185831827963280E-17    2.47147428512104234644E-15    4.44164150320558827941E-04
    1.65552888475759794884E-02   -1.05326937402353681961E+00    3.01447018657520398246E-15
   -2.80606856579817690452E-17    4.19947201708057174030E-16    7.05103751851289366204E-03
   -1.05151129986888047796E+00   -1.65829684601959403967E-02   -8.59131924356375159762E-16
   -7.22791816947064834909E-16    5.61512265440581096814E-16    1.56323724814230957669E+00
    2.51498695233228040763E-16   -9.27466422897404571413E-16    3.01445312688638056287E-01
   -8.36704506698926660235E-03    5.18603168937442626785E-01   -2.71506675695260503094E-15
    5.31433943282724419177E-01    8.16503375674461004396E-03    2.54106467847139569000E-16
    8.61947790852257452939E-16    4.33884764337468889232E-15   -1.07427633654113341422E+00
