    7.07707101818355055478E-01    6.60393847774540763973E-03    2.64319706290894532175E-03    5.91718672608943906804E-03
    6.50780877591116205250E-04   -3.14674143090420632696E-01   -4.09403229807282845187E-02    6.63447252690802652397E-02
   -2.14008903623343028563E-03   -3.00058138517522055011E-01   -1.23594266954307474560E-01    7.50311941045258973260E-02
    7.61012753092871413810E-04   -6.73734440928330235998E-02   -1.62488931843028844293E-01   -3.48918939741764078111E-01
   -2.90733391792472322009E-04   -3.21793936861156371076E-02   -9.44504572309017992326E-02   -2.37432732212633140767E-01
    8.63521882398921958139E-04   -3.52682749276377396908E-02    1.60127547690260274571E-01    9.30086227361392320345E-02
   -4.25210151783292291013E-04    2.12087327629100668228E-03    6.91511968857658615439E-02    5.22232924613605029029E-02
    5.15682996568625419583E-04   -2.35013944764157003964E-02    3.17311828609279200641E-01   -2.40177979025602172936E-01
   -2.54356413833077901754E-04   -4.20716283953705486032E-03    1.89500285146122632307E-01   -1.85807894121333139204E-01
    3.97398747163435673733E-05    2.17354206684593513274E-03    2.57478681102477589826E-03    1.89073755681197107001E-03
   -6.69390064719595283228E-05   -1.78438045648605090633E-03   -6.91097969677428435736E-03   -9.68799175819195015902E-03
    7.87552831431520830791E-06   -1.68659370282561835337E-03    6.50493499673857923649E-03   -1.21257993574495938349E-02
   -1.21154782706075217968E-04   -4.85304687641409035481E-03   -8.49000356918669547845E-03   -1.05962481885531999148E-02
    1.17494740783566975403E-05   -2.58398261271891235835E-03    1.17300707707858400952E-02   -3.27175417612045934396E-03
    5.29921814779080763039E-06   -1.15472523264655707598E-01    2.46881111151906917911E-01    6.79331509367171876290E-02
    5.59736682177538438961E-04    2.52186639058312941919E-03    4.75041373906860478482E-02    3.61761184350454720327E-02
    6.21543787301533871142E-05   -4.27090627828768162194E-03    1.30897144547849841011E-03   -1.21115310763344752321E-02
    3.56730748137009138696E-04    2.16257954381626205098E-02   -3.01288817431076966225E-02   -5.77605533399161430452E-03
    2.15251629643674455197E-04    1.26967139683406005091E-02   -7.18752647516127454730E-03   -1.62731761993045211112E-02
    1.28874312509140247739E-03    2.86314727311951407185E-02    2.47797696667080048771E-02    2.69956943355816776642E-02
    7.63408935035657099100E-02   -5.48977133818562001988E-02    9.21666182319727245176E-02    1.12768834606088094730E-01
    1.61755094867041954165E-01   -6.28476492993970681233E-01   -1.58468101954433698841E-01    2.76823460151564282317E-01
   -1.82351087907101805374E-01    5.72871893263295073329E-02    3.81446373365499288854E-02    8.55851844093155900151E-02
   -1.31575176876717714336E-01    7.39060428877537090031E-02   -1.14264185752323138567E-01   -1.57494311874369352644E-01
   -3.82044759365644470694E-01   -1.19665819474315246462E-01    2.79589639376824294903E-01   -9.19990487352137925603E-02
   -2.66241374567599942136E-01   -2.19633708455191117848E-01    1.23788918428338820532E-01    5.41635070491262804460E-01
    1.51239760050106697431E-01   -8.66569459554034776660E-02    1.15101258929874203374E-01   -5.65341730832208955171E-01
    1.19619423256998966276E-01   -1.58918380147799076507E-01    3.94748255872126377342E-02    6.85276645424873431800E-01
    3.71099984466335746855E-03    5.05763076843871329374E-04    2.17141607300336226746E-03   -2.08931363645716277472E-03
   -1.80338298482329633873E-03    1.72771998458673653291E-03    1.53672093657712012515E-02   -6.24078973444854457481E-03
    2.43947924779766176992E-03   -5.50080667697807191956E-04    1.80158637888652543857E-02    2.61902015506581707302E-03
   -6.66626791191515322491E-04    1.10939313319014984903E-03    3.06410771923492745994E-02    1.12760507833339334444E-02
   -4.37314378361241054560E-03   -8.04499896263047471756E-03   -5.76727615135352866815E-02    6.88209560535015148208E-03
   -1.44151614908334557708E-01    6.27161129667704320134E-02   -8.60605451444181657195E-01   -4.39806059179303321383E-01
    9.23468798696562218065E-04    9.23938587589936743960E-01    6.17684867631693279577E-01   -1.11743834097032659902E-01
   -5.79511858621106854678E-03    3.53009533695988709720E-03    3.24306244356754383440E-02   -7.79448280506960106129E-02
    2.32197526421331268062E-03   -1.18621727116959198994E-02   -1.94560684779529258215E-01    1.29768301341217001665E-01
    1.90563495755226228190E-02   -7.31730589500059844937E-03   -1.00128175912429742689E-01    1.50323453681439539453E-01
   -4.30570663411811670445E-04    1.40587905340356783546E-01    3.31755796131402089233E-02    3.26224412294447208005E-01
    2.47183333365461332942E-02    3.56821896624077206095E-01    6.88953056567153110379E-02    7.52294760437863474500E-01
    2.44241691131215521438E-01   -5.24584481710461902892E-01   -2.28018069252021088333E-01   -1.20213061128680642753E+00
    2.60579543760070975189E-01   -5.67134798058566702572E-01   -1.04651579360333438218E-01    4.94525366265530091914E-02
   -2.47330274970325336703E-01    5.60850955680268103976E-01    2.07617030701159832606E-01    3.03602004142387249530E-01
   -3.96430041156308365924E-01   -2.77085626419512620622E-01    6.85333849095410702068E-02    1.18293314204129085265E-01
    8.41202131786912166156E-01    4.94579577220432609064E-01   -4.24131027690178713518E-02   -6.64375983972403050259E-01
    3.06069755341795757264E-01    4.63375465358562763085E-02    7.99033116006928056940E-03   -6.13265245315538498616E-02
   -1.51183204984308983132E-01   -3.31067356450893588663E-04   -2.55078722660739276584E-01   -5.52005516100657067646E-02
   -3.28734947048143480094E-03    1.26389056736706511391E-02    2.67519126295665682358E-02   -1.54240847031602533457E-02
   -1.41434553948454160011E-02   -2.19188850165622957367E-02    1.92618812346512680456E-04   -1.00156997547983812186E-02
   -1.66749375654212210474E-02    1.39183474998821315322E-02   -5.36784637331507580305E-02   -8.50577025389216839768E-02
    1.75863951230251572277E-02   -2.49903489633446496132E-02    1.14127021941970302477E-02   -3.79919987232764724827E-03
    8.86824545359098971586E-03   -2.80254130330484345357E-02    4.59594719986692185065E-02    5.65954466153096961978E-03
   -3.41511815117015282706E-01   -2.76014027928292826619E-01    1.09904963675117331445E-01    4.25103898496700161047E-01
   -1.32404371487593302409E-02    2.49983333651747213766E-01    7.77491906740374327800E-02    3.34551979866100968053E-01
   -2.46589843954300141915E-01    5.65082938268307577445E-02   -1.61344668359573700789E-01   -4.64188497233977814815E-01
    7.84440521229054360530E-02    9.65838053436148674669E-03   -4.00158101952734601703E-01   -1.53602796243097750040E-01
    8.67035316084442814200E-02   -4.79029419308157761170E-02    5.44246061108402123807E-01   -3.03797675748228634962E-01
    3.84573368612459831617E-01    4.81819106024788876286E-02    2.70425412840172331441E-02    6.17029285817980669565E-03
    9.07667567704298128284E-01    1.40924779020750817748E-01    1.07035678334954795221E-01    2.62835398110743585776E-02
   -9.25952361762164111170E-01    4.93361111294748744260E-01    2.28788459748433925522E-01    4.57568072374085477172E-02
    2.71898749166798348043E-01   -2.13826813640909635383E-01    1.42018866141207650289E-01    1.00035815039014333583E-01
   -3.70903819199688344899E-01    9.77773262795422620774E-02   -7.67069115332625062198E-02   -1.83886061022512453667E-01
   -8.05539697289842375645E-04    4.52604758700274945049E-01    1.37876749004803289544E-01   -7.61713983799149479959E-02
   -7.36192688611069095961E-02   -4.86055410862701320340E-03    4.77024719212820122460E-02    1.61757901041888446647E-01
    1.01413083202679832340E-01    2.39770146632656111496E-01    5.75814829125529878406E-02   -2.09057595305566640276E-02
   -2.64908828196455947701E-01    9.58322641359354160384E-02    5.67600962964003377675E-02    7.48040775046109190916E-02
   -1.43203487385750744681E-02   -8.10640806928600646253E-03    1.21364579120266616319E-01    1.66368065318644210715E-02
    6.35796440586492844771E-02    6.05449192912694972302E-02   -6.66106970212952398391E-02    1.10948063872181326706E-01
    9.09879017013347363152E-02   -8.25331957910917374255E-02    1.58330611475483162831E-01   -6.31941239225509709954E-01
    2.74642892944062834426E-02    6.70211126086993208562E-02   -2.16636644941186951030E-01   -6.20170017423984018534E-02
    7.31110520040737649206E-02   -7.66742766936145819789E-02   -1.76793160554582717836E-01   -1.56264276149073511046E-01
    1.87134593056167614078E-01   -3.29595507255325104179E-01   -1.68213190723578709385E-01   -7.36315359581244666121E-02
    2.62813948967699384518E-01   -2.27480138586766911235E-01   -1.08354202465819490775E-01   -6.52555354347533929371E-03
    4.61093124856970737468E-01   -2.19797875185270052967E-01   -1.19643623707204826978E-01    2.62778525665087081542E-01
    3.68077073295864365399E-02    7.46200281319256863988E-01    2.29224677845604046800E-01    2.78704398132505236710E-03
    1.71508630737084555307E-01    3.77348214018178862439E-01    1.04032651787861099568E-01   -1.33060559369578695899E-02
    1.36652229226634806467E-03    4.03981795994918513326E-02    1.02654998204804032147E-01
    6.77758237424513649422E-03    9.43470793673864133178E-02    1.55758989568790612301E-01
    4.38291691944059647046E-02   -1.10533507554855855298E-02   -1.09267720221659891955E+00
    1.91531465046042466416E-04    5.52073616098449210243E-02    7.87393525460158283380E-02
   -1.86072393703376678942E-02   -1.57024983243585353199E-01    1.01859556569884407429E-01
    1.76253426424211045997E-02    6.30000753927917600539E-02   -2.47026276388182530752E-01
    1.01982524066367527538E-01   -1.50999137124231963547E-01   -6.93563481009716986669E-01
    2.42855098685798749536E-02    2.50959991160154965995E-02   -1.37866086775180723967E-01
   -1.12552182453545118745E-01   -1.31414870253799501848E-02   -3.57326045138356751529E-01
   -1.55894761789650920791E-01    1.75386174792952244383E-02    5.05405659172471558027E-02
   -1.22811090181473486771E-01   -7.37396869564140300390E-01    1.12271262790236261986E-01
    8.22222366955142475176E-02   -1.42843986485175933332E-01    1.39591311221042346791E-01
   -1.59494757173443746368E-01    8.20556920494153185786E-02    2.42425760010855390059E-01
   -3.65747064166174695732E-01   -1.66881704324503658821E-02   -6.88639764387928954292E-01
   -3.82602327798439792450E-02    2.50247734842555420720E-02    1.16302893232490389686E+00
   -1.33272800180269605091E-02   -1.88084717962339678654E-02    1.76766970469595968707E-01
    2.15135860726160081657E-02    3.00826589408901556855E-01    1.38812776225054473889E-01
   -1.48439878654171186767E-01    1.21482846041305117546E-01   -6.66200838096853709125E-01
    3.61811911695866128547E-01    2.53021545479135100132E-02   -3.66026284156915793222E-01
    7.07836323562554214917E-01    1.36724069633048896447E-03    7.83436033646026054253E-04    9.70623371083198451144E-04
    8.15633232733756815408E-04   -3.32582161170320855792E-01   -1.08452030798800544420E-01    3.45626689853053351009E-02
   -3.42011734251713864566E-03   -3.41646141231757072276E-01   -2.20611183067912886013E-01    6.97071482027728783759E-02
    5.06511395169845159321E-04    7.13970237678069191700E-02    1.55365428422767400812E-02   -2.91380516752133625347E-02
   -1.39646578034909279835E-03    2.92555432609973298241E-02    1.92856002204930959687E-02   -3.02905868554331388076E-02
    8.56398466249832113900E-04   -6.03608260985786515551E-02    3.66801274375177677189E-01    1.18081199565238798010E-01
   -3.64903439476071120903E-04   -2.84786691263165395518E-03    2.12206033555021378323E-01    1.05922209160603131295E-01
    5.17516278330540672667E-04   -3.33506072870325687152E-02    6.40632745386073565452E-02   -4.63343156861133254054E-01
   -2.15911760589616814670E-04   -2.13499038080947663859E-03    1.90925069004940113626E-02   -3.43633297202981302654E-01
    5.33364101612908826731E-05   -6.90278898540984354668E-04   -1.08722010165350252593E-03   -2.11226369878443880762E-03
   -2.91561303720835207241E-05    1.40325992374659355710E-03    1.11489796548791316594E-02    3.63369089077840044452E-03
   -1.61310347450303080569E-06    1.43370472363604437027E-03   -1.44997011167290190681E-03    2.61412589189134259363E-03
   -1.72988053060540259787E-04    4.30268274384631565360E-03   -4.74109830346807446799E-03   -9.31940366992467907406E-04
    2.19579947973870781260E-05   -3.63211323952233010315E-03    9.26902506758053162939E-03   -8.33235692071198144615E-03
    1.10070263087884426191E-04   -1.70671296266625804883E-01    2.20757376251791065380E-01   -9.63206094885754732227E-02
    8.48691190155705549618E-05   -7.39337555184656214369E-03    4.38051775668259757435E-02   -2.12681311955536210545E-02
   -7.80929785138139185641E-05   -3.36766043660410765298E-03    1.20682515149558421824E-02   -2.93137417403252541551E-04
    4.48921295522548022359E-04    2.87522508815153399198E-02   -1.94238470519135161818E-02    1.96792128108113813234E-02
    2.64399740311829865164E-04    1.69762189947755236241E-02   -1.65475493945948931573E-02   -1.43952248372254815179E-02
    1.81921992503330832991E-02    1.12852685518983145846E-02    4.89000215585989189693E-02    1.22697880774263572146E-02
   -9.99583623737047288760E-02    8.42668225915742252763E-02    1.86972978608966278191E-01    1.21574157302084248644E-01
   -5.85431138831738362427E-01    6.59355322067916443940E-02   -1.19167532982538848518E-01    5.76080058848628673296E-01
   -2.46981865505918857240E-01    4.02522423233475534765E-01    8.35471927743493686380E-02   -3.76999363667957054780E-01
   -2.58196233108624273456E-01    6.75806433429640640576E-01   -2.20260465640822189481E-02    6.87611418114175809713E-01
   -1.28452929513220348579E-01   -9.68330864690468279266E-02    1.68480885412705005955E-01   -4.70877483073842528771E-01
   -2.65628194252188587487E-01   -1.81985927341421327430E-01    8.17419663292436454727E-02    7.12946710135259231755E-01
   -5.27422942913774103757E-02   -6.59108663129545357950E-02    1.56943694647907694417E-01    3.47761127130176844746E-02
   -1.00419229183350861012E-01   -1.20542074900014339889E-01    8.12052245261473126803E-02    1.63483629853621997841E-01
   -8.48224122794855733831E-04    1.66823816838191328615E-03    5.86598280870659089664E-03   -2.50774714001895850796E-03
   -4.66118320048080313212E-03    2.98458207890424679840E-03    3.06068890006035432272E-02    1.08142540319053868936E-02
   -2.51738352657603645449E-03    5.29965206310751245355E-03    8.75104420127216856007E-03   -2.30752967813060896191E-03
    7.80111612360604323585E-03   -3.67435615238311322206E-03    1.60069954859792980273E-02    5.11671351757298636942E-03
   -6.43961315395797772448E-03   -8.83964428793019858094E-04   -6.48017264590534936008E-02   -2.82062534332549325056E-03
    3.58777686108458296332E-02    7.58462414720072058971E-02   -8.98335639920315065510E-01   -3.82830806644010590567E-01
    8.94943474425810681083E-01    7.38348460164922060223E-01    7.56483126586923182444E-01   -7.46893415507964980593E-02
   -1.81204122567419773082E-02    1.47393839625640996061E-02    4.83797170826625391737E-02    6.70418344575793214574E-03
   -2.00136270591274034736E-02   -4.98757852314008973127E-03   -1.71650082874461346050E-01    1.52399072266941632003E-01
   -1.14803998695144297143E-02   -2.13553626091866422324E-03   -1.14556398922776803140E-01    5.76120570669731504876E-02
    8.31079159629862125602E-03    3.20618442094902436623E-02    5.25344228293083623238E-02    2.27889688749012379876E-03
   -3.93193730994395862499E-02    7.44192561901613619524E-02    1.02943103557701920447E-01    1.88883166472889191256E-02
   -3.82690400369022187821E-01   -1.49342223817771513339E-01   -3.28703717674446338481E-01    9.17704721616797169936E-02
    2.69042703037700059454E-01   -4.25965651387040844522E-01   -1.27603680585485740329E-01    1.32135970914889822048E-01
   -8.10526635902684922108E-01    9.76833305882013447352E-01   -1.47683045752469072065E-01    3.06646313077908808098E-02
   -2.43616599402507211236E-01    1.98772376985956400475E-01    9.14541255800336294612E-02   -1.42762185113048778451E-01
    1.25762536523810086742E-01   -5.41362159926448427427E-01   -1.67556099018644988341E-01    3.69419301593456095301E-01
    4.66435447517729251388E-01    3.48614364999561998637E-01   -1.63995042927516099240E-01    9.90948207652947582469E-02
   -6.95763361579602390705E-01   -7.61934121681722253960E-01   -2.74116518730591479658E-02   -3.62512380616096974162E-01
    1.65709175765543369370E-03   -1.74860644387374503973E-03    1.21178730057455476266E-02    1.69950445158119738120E-02
    2.95730368927757357456E-02   -1.92450617099974158331E-02    9.42593309552242630822E-02   -8.98840880165858724382E-02
    1.97033625359926897747E-02    1.90025592661224596025E-02   -1.98232011845960592877E-03   -9.57610101209781456114E-04
   -8.32636125643603126900E-03    1.15523356835683186500E-02    7.33246974764866204372E-03    2.84706426319574767980E-02
    1.74473946965629997385E-02    6.65579140129444590118E-03    4.94623029781843526198E-02    2.33258810861614387933E-02
    2.13415669291113163641E-01    3.64988498298616181881E-01    7.73428739772820256215E-02   -4.33058955117756952391E-02
   -2.81621197259441125027E-01    5.48532824907455252017E-01    1.17033688901989049724E-01   -1.50385039246756613274E-01
    2.66477571470269847254E-01   -4.08248360306725718849E-02    4.82187310769854327042E-01   -4.33878353833138219464E-01
    2.90587567633843850412E-02   -2.31438167235311575975E-01   -2.28081361037226593158E-01   -3.28992742375144975320E-01
    1.33665998756067119779E-02   -1.02459605261266711862E-01    4.04725036246943392637E-01    4.49735925229235833367E-01
    5.62545921686104288817E-01    2.48158906426589359606E-01    2.85929745484306933878E-02    4.71530929900310265268E-03
    1.18868717878699836632E+00    5.95268749687178022612E-01    6.72905993282301717606E-02    5.59767717457516390811E-03
   -2.54173573104412131585E+00   -1.24117814064887130310E-01   -2.36429684467384451652E-02   -6.78657294974887997929E-02
    1.08220706693488114003E-01   -2.19060875021469501911E-02    9.71113069876190955487E-03    3.83257039760055880084E-03
   -9.38448571443869172803E-01   -2.92615486509046618391E-01    1.75383063712041792348E-01   -3.48324405082675743993E-04
   -1.34746743251507899997E-01    4.21855449786066705187E-01    1.24052294688880952733E-02   -2.78548998640968450968E-02
   -4.01641184576192744604E-01    7.08345546350371418898E-02   -4.67228649986351357581E-02    4.52894092786272628448E-02
   -1.10266246371097109691E-01    2.57590761456342576263E-01    5.74768420631299320478E-02   -1.14499505407870960649E-02
   -1.41854384038553715808E-01   -1.26892639388379267762E-02   -1.38303782979913719720E-01   -1.30545853047523335855E-01
   -2.86970933925994632629E-02   -1.23229884995951504030E-04   -1.67059597401573584063E-02   -1.55132127039246892064E-01
   -3.19436831389598857589E-02   -9.83372711432591896374E-03    6.58378485449025441234E-01   -3.68338068762866788219E-02
   -1.42683609458103370649E-02    4.72801732776325159269E-02   -1.62353348517443346610E-01    2.04660363310362747313E-01
    2.37945598030641011777E-02    2.82215262240301904828E-02   -7.31636743468744993324E-02   -1.59892013927282000685E-01
    1.14745016455179330017E-01   -6.80696308100424696264E-02    5.91917232000891482824E-02   -3.46145563827060853690E-01
    6.15085894071216277013E-01   -2.41500225791816736098E-01    6.34474967539774142855E-02    4.09326854015868296655E-02
    1.54994523999353706056E-01   -2.79731839273899107745E-01    2.08238740636585047128E-02    1.76156280839927723014E-02
    9.06831299835033494139E-02   -1.17365973890266275803E-01   -3.47088248629631224151E-01   -1.66407293026951882964E-02
   -2.48318154014462999513E-01    7.32774541585079930428E-01   -3.56418476764369732135E-02   -2.30947202685692132285E-01
   -2.27655632238225658082E-01    4.66028125095772183251E-01    1.40553605993187329115E-02    2.83160612360620733696E-01
    9.52417336786705662210E-03    3.18664776836210417166E-01    1.36289692504079407165E-01
    2.00598409520157047736E-02    5.74173539313657776972E-01    2.87292501547683043484E-01
   -2.45071852893689566544E-02   -2.06430366730398384689E+00   -7.72098344143110765225E-02
   -5.37935472858193895751E-03    3.42362055211461319137E-02   -1.76274514753477426487E-02
   -1.08059965472784069718E-01   -7.43782619168994130199E-01   -6.49706250648776295620E-01
    3.23002703188007764257E-02   -1.60528873389981646680E-01    1.56238585357516446273E-01
    9.97647918619738163434E-04   -5.77632750616509094144E-01    3.59556785074392093460E-01
    6.70383041719298661265E-02   -1.02034296306237906582E-01    9.87853625527673473439E-02
   -1.89810152649470598174E-01   -3.41998732975910768594E-01    2.55031590098282578971E-01
   -3.95034058301643523081E-02    1.44628973610879285605E-01    6.09481032837046188266E-02
   -1.84693121537526927511E-01    7.71655757152478888328E-02   -2.22374852604365735864E-01
   -7.01158483333463089515E-01    3.07679072294250906261E-02   -5.45635962060241341831E-02
   -9.79179972926881060646E-03   -7.62705549527845638735E-02   -3.88080358805705238900E-01
   -1.63791516178722479369E-01   -6.22621518692286213259E-01    3.81506317556123186741E-01
   -4.60728400045267230678E-03    9.83852686464549375245E-01   -6.95658170530218278316E-01
   -2.38317219107932951050E-02    1.17379093831504729972E-01   -2.20172108435208679911E-01
    1.91588622626743171340E-01    1.40222803282475272368E-01   -6.77830849804503393630E-02
    3.43518633641795440026E-02   -4.48899999346819844614E-01    4.67969839486431671283E-01
    1.24216061328440971478E-01   -2.85730652683638952638E-01    2.85897445261019567120E-01
    7.07707101818355055478E-01    6.60393847774540763973E-03    2.64319706290894532175E-03    5.91718672608943906804E-03
    6.50780877591116205250E-04   -3.14674143090420632696E-01   -4.09403229807282845187E-02    6.63447252690802652397E-02
   -2.14008903623343028563E-03   -3.00058138517522055011E-01   -1.23594266954307474560E-01    7.50311941045258973260E-02
    7.61012753092871413810E-04   -6.73734440928330235998E-02   -1.62488931843028844293E-01   -3.48918939741764078111E-01
   -2.90733391792472322009E-04   -3.21793936861156371076E-02   -9.44504572309017992326E-02   -2.37432732212633140767E-01
    8.63521882398921958139E-04   -3.52682749276377396908E-02    1.60127547690260274571E-01    9.30086227361392320345E-02
   -4.25210151783292291013E-04    2.12087327629100668228E-03    6.91511968857658615439E-02    5.22232924613605029029E-02
    5.15682996568625419583E-04   -2.35013944764157003964E-02    3.17311828609279200641E-01   -2.40177979025602172936E-01
   -2.54356413833077901754E-04   -4.20716283953705486032E-03    1.89500285146122632307E-01   -1.85807894121333139204E-01
    3.97398747163435673733E-05    2.17354206684593513274E-03    2.57478681102477589826E-03    1.89073755681197107001E-03
   -6.69390064719595283228E-05   -1.78438045648605090633E-03   -6.91097969677428435736E-03   -9.68799175819195015902E-03
    7.87552831431520830791E-06   -1.68659370282561835337E-03    6.50493499673857923649E-03   -1.21257993574495938349E-02
   -1.21154782706075217968E-04   -4.85304687641409035481E-03   -8.49000356918669547845E-03   -1.05962481885531999148E-02
    1.17494740783566975403E-05   -2.58398261271891235835E-03    1.17300707707858400952E-02   -3.27175417612045934396E-03
    5.29921814779080763039E-06   -1.15472523264655707598E-01    2.46881111151906917911E-01    6.79331509367171876290E-02
    5.59736682177538438961E-04    2.52186639058312941919E-03    4.75041373906860478482E-02    3.61761184350454720327E-02
    6.21543787301533871142E-05   -4.27090627828768162194E-03    1.30897144547849841011E-03   -1.21115310763344752321E-02
    3.56730748137009138696E-04    2.16257954381626205098E-02   -3.01288817431076966225E-02   -5.77605533399161430452E-03
    2.15251629643674455197E-04    1.26967139683406005091E-02   -7.18752647516127454730E-03   -1.62731761993045211112E-02
    1.28874312509140247739E-03    2.86314727311951407185E-02    2.47797696667080048771E-02    2.69956943355816776642E-02
    7.63408935035657099100E-02   -5.48977133818562001988E-02    9.21666182319727245176E-02    1.12768834606088094730E-01
    1.61755094867041954165E-01   -6.28476492993970681233E-01   -1.58468101954433698841E-01    2.76823460151564282317E-01
   -1.82351087907101805374E-01    5.72871893263295073329E-02    3.81446373365499288854E-02    8.55851844093155900151E-02
   -1.31575176876717714336E-01    7.39060428877537090031E-02   -1.14264185752323138567E-01   -1.57494311874369352644E-01
   -3.82044759365644470694E-01   -1.19665819474315246462E-01    2.79589639376824294903E-01   -9.19990487352137925603E-02
   -2.66241374567599942136E-01   -2.19633708455191117848E-01    1.23788918428338820532E-01    5.41635070491262804460E-01
    1.51239760050106697431E-01   -8.66569459554034776660E-02    1.15101258929874203374E-01   -5.65341730832208955171E-01
    1.19619423256998966276E-01   -1.58918380147799076507E-01    3.94748255872126377342E-02    6.85276645424873431800E-01
    3.71099984466335746855E-03    5.05763076843871329374E-04    2.17141607300336226746E-03   -2.08931363645716277472E-03
   -1.80338298482329633873E-03    1.72771998458673653291E-03    1.53672093657712012515E-02   -6.24078973444854457481E-03
    2.43947924779766176992E-03   -5.50080667697807191956E-04    1.80158637888652543857E-02    2.61902015506581707302E-03
   -6.66626791191515322491E-04    1.10939313319014984903E-03    3.06410771923492745994E-02    1.12760507833339334444E-02
   -4.37314378361241054560E-03   -8.04499896263047471756E-03   -5.76727615135352866815E-02    6.88209560535015148208E-03
   -1.44151614908334557708E-01    6.27161129667704320134E-02   -8.60605451444181657195E-01   -4.39806059179303321383E-01
    9.23468798696562218065E-04    9.23938587589936743960E-01    6.17684867631693279577E-01   -1.11743834097032659902E-01
   -5.79511858621106854678E-03    3.53009533695988709720E-03    3.24306244356754383440E-02   -7.79448280506960106129E-02
    2.32197526421331268062E-03   -1.18621727116959198994E-02   -1.94560684779529258215E-01    1.29768301341217001665E-01
    1.90563495755226228190E-02   -7.31730589500059844937E-03   -1.00128175912429742689E-01    1.50323453681439539453E-01
   -4.30570663411811670445E-04    1.40587905340356783546E-01    3.31755796131402089233E-02    3.26224412294447208005E-01
    2.47183333365461332942E-02    3.56821896624077206095E-01    6.88953056567153110379E-02    7.52294760437863474500E-01
    2.44241691131215521438E-01   -5.24584481710461902892E-01   -2.28018069252021088333E-01   -1.20213061128680642753E+00
    2.60579543760070975189E-01   -5.67134798058566702572E-01   -1.04651579360333438218E-01    4.94525366265530091914E-02
   -2.47330274970325336703E-01    5.60850955680268103976E-01    2.07617030701159832606E-01    3.03602004142387249530E-01
   -3.96430041156308365924E-01   -2.77085626419512620622E-01    6.85333849095410702068E-02    1.18293314204129085265E-01
    8.41202131786912166156E-01    4.94579577220432609064E-01   -4.24131027690178713518E-02   -6.64375983972403050259E-01
    3.06069755341795757264E-01    4.63375465358562763085E-02    7.99033116006928056940E-03   -6.13265245315538498616E-02
   -1.51183204984308983132E-01   -3.31067356450893588663E-04   -2.55078722660739276584E-01   -5.52005516100657067646E-02
   -3.28734947048143480094E-03    1.26389056736706511391E-02    2.67519126295665682358E-02   -1.54240847031602533457E-02
   -1.41434553948454160011E-02   -2.19188850165622957367E-02    1.92618812346512680456E-04   -1.00156997547983812186E-02
   -1.66749375654212210474E-02    1.39183474998821315322E-02   -5.36784637331507580305E-02   -8.50577025389216839768E-02
    1.75863951230251572277E-02   -2.49903489633446496132E-02    1.14127021941970302477E-02   -3.79919987232764724827E-03
    8.86824545359098971586E-03   -2.80254130330484345357E-02    4.59594719986692185065E-02    5.65954466153096961978E-03
   -3.41511815117015282706E-01   -2.76014027928292826619E-01    1.09904963675117331445E-01    4.25103898496700161047E-01
   -1.32404371487593302409E-02    2.49983333651747213766E-01    7.77491906740374327800E-02    3.34551979866100968053E-01
   -2.46589843954300141915E-01    5.65082938268307577445E-02   -1.61344668359573700789E-01   -4.64188497233977814815E-01
    7.84440521229054360530E-02    9.65838053436148674669E-03   -4.00158101952734601703E-01   -1.53602796243097750040E-01
    8.67035316084442814200E-02   -4.79029419308157761170E-02    5.44246061108402123807E-01   -3.03797675748228634962E-01
    3.84573368612459831617E-01    4.81819106024788876286E-02    2.70425412840172331441E-02    6.17029285817980669565E-03
    9.07667567704298128284E-01    1.40924779020750817748E-01    1.07035678334954795221E-01    2.62835398110743585776E-02
   -9.25952361762164111170E-01    4.93361111294748744260E-01    2.28788459748433925522E-01    4.57568072374085477172E-02
    2.71898749166798348043E-01   -2.13826813640909635383E-01    1.42018866141207650289E-01    1.00035815039014333583E-01
   -3.70903819199688344899E-01    9.77773262795422620774E-02   -7.67069115332625062198E-02   -1.83886061022512453667E-01
   -8.05539697289842375645E-04    4.52604758700274945049E-01    1.37876749004803289544E-01   -7.61713983799149479959E-02
   -7.36192688611069095961E-02   -4.86055410862701320340E-03    4.77024719212820122460E-02    1.61757901041888446647E-01
    1.01413083202679832340E-01    2.39770146632656111496E-01    5.75814829125529878406E-02   -2.09057595305566640276E-02
   -2.64908828196455947701E-01    9.58322641359354160384E-02    5.67600962964003377675E-02    7.48040775046109190916E-02
   -1.43203487385750744681E-02   -8.10640806928600646253E-03    1.21364579120266616319E-01    1.66368065318644210715E-02
    6.35796440586492844771E-02    6.05449192912694972302E-02   -6.66106970212952398391E-02    1.10948063872181326706E-01
    9.09879017013347363152E-02   -8.25331957910917374255E-02    1.58330611475483162831E-01   -6.31941239225509709954E-01
    2.74642892944062834426E-02    6.70211126086993208562E-02   -2.16636644941186951030E-01   -6.20170017423984018534E-02
    7.31110520040737649206E-02   -7.66742766936145819789E-02   -1.76793160554582717836E-01   -1.56264276149073511046E-01
    1.87134593056167614078E-01   -3.29595507255325104179E-01   -1.68213190723578709385E-01   -7.36315359581244666121E-02
    2.62813948967699384518E-01   -2.27480138586766911235E-01   -1.08354202465819490775E-01   -6.52555354347533929371E-03
    4.61093124856970737468E-01   -2.19797875185270052967E-01   -1.19643623707204826978E-01    2.62778525665087081542E-01
    3.68077073295864365399E-02    7.46200281319256863988E-01    2.29224677845604046800E-01    2.78704398132505236710E-03
    1.71508630737084555307E-01    3.77348214018178862439E-01    1.04032651787861099568E-01   -1.33060559369578695899E-02
    1.36652229226634806467E-03    4.03981795994918513326E-02    1.02654998204804032147E-01
    6.77758237424513649422E-03    9.43470793673864133178E-02    1.55758989568790612301E-01
    4.38291691944059647046E-02   -1.10533507554855855298E-02   -1.09267720221659891955E+00
    1.91531465046042466416E-04    5.52073616098449210243E-02    7.87393525460158283380E-02
   -1.86072393703376678942E-02   -1.57024983243585353199E-01    1.01859556569884407429E-01
    1.76253426424211045997E-02    6.30000753927917600539E-02   -2.47026276388182530752E-01
    1.01982524066367527538E-01   -1.50999137124231963547E-01   -6.93563481009716986669E-01
    2.42855098685798749536E-02    2.50959991160154965995E-02   -1.37866086775180723967E-01
   -1.12552182453545118745E-01   -1.31414870253799501848E-02   -3.57326045138356751529E-01
   -1.55894761789650920791E-01    1.75386174792952244383E-02    5.05405659172471558027E-02
   -1.22811090181473486771E-01   -7.37396869564140300390E-01    1.12271262790236261986E-01
    8.22222366955142475176E-02   -1.42843986485175933332E-01    1.39591311221042346791E-01
   -1.59494757173443746368E-01    8.20556920494153185786E-02    2.42425760010855390059E-01
   -3.65747064166174695732E-01   -1.66881704324503658821E-02   -6.88639764387928954292E-01
   -3.82602327798439792450E-02    2.50247734842555420720E-02    1.16302893232490389686E+00
   -1.33272800180269605091E-02   -1.88084717962339678654E-02    1.76766970469595968707E-01
    2.15135860726160081657E-02    3.00826589408901556855E-01    1.38812776225054473889E-01
   -1.48439878654171186767E-01    1.21482846041305117546E-01   -6.66200838096853709125E-01
    3.61811911695866128547E-01    2.53021545479135100132E-02   -3.66026284156915793222E-01
    7.07836323562554214917E-01    1.36724069633048896447E-03    7.83436033646026054253E-04    9.70623371083198451144E-04
    8.15633232733756815408E-04   -3.32582161170320855792E-01   -1.08452030798800544420E-01    3.45626689853053351009E-02
   -3.42011734251713864566E-03   -3.41646141231757072276E-01   -2.20611183067912886013E-01    6.97071482027728783759E-02
    5.06511395169845159321E-04    7.13970237678069191700E-02    1.55365428422767400812E-02   -2.91380516752133625347E-02
   -1.39646578034909279835E-03    2.92555432609973298241E-02    1.92856002204930959687E-02   -3.02905868554331388076E-02
    8.56398466249832113900E-04   -6.03608260985786515551E-02    3.66801274375177677189E-01    1.18081199565238798010E-01
   -3.64903439476071120903E-04   -2.84786691263165395518E-03    2.12206033555021378323E-01    1.05922209160603131295E-01
    5.17516278330540672667E-04   -3.33506072870325687152E-02    6.40632745386073565452E-02   -4.63343156861133254054E-01
   -2.15911760589616814670E-04   -2.13499038080947663859E-03    1.90925069004940113626E-02   -3.43633297202981302654E-01
    5.33364101612908826731E-05   -6.90278898540984354668E-04   -1.08722010165350252593E-03   -2.11226369878443880762E-03
   -2.91561303720835207241E-05    1.40325992374659355710E-03    1.11489796548791316594E-02    3.63369089077840044452E-03
   -1.61310347450303080569E-06    1.43370472363604437027E-03   -1.44997011167290190681E-03    2.61412589189134259363E-03
   -1.72988053060540259787E-04    4.30268274384631565360E-03   -4.74109830346807446799E-03   -9.31940366992467907406E-04
    2.19579947973870781260E-05   -3.63211323952233010315E-03    9.26902506758053162939E-03   -8.33235692071198144615E-03
    1.10070263087884426191E-04   -1.70671296266625804883E-01    2.20757376251791065380E-01   -9.63206094885754732227E-02
    8.48691190155705549618E-05   -7.39337555184656214369E-03    4.38051775668259757435E-02   -2.12681311955536210545E-02
   -7.80929785138139185641E-05   -3.36766043660410765298E-03    1.20682515149558421824E-02   -2.93137417403252541551E-04
    4.48921295522548022359E-04    2.87522508815153399198E-02   -1.94238470519135161818E-02    1.96792128108113813234E-02
    2.64399740311829865164E-04    1.69762189947755236241E-02   -1.65475493945948931573E-02   -1.43952248372254815179E-02
    1.81921992503330832991E-02    1.12852685518983145846E-02    4.89000215585989189693E-02    1.22697880774263572146E-02
   -9.99583623737047288760E-02    8.42668225915742252763E-02    1.86972978608966278191E-01    1.21574157302084248644E-01
   -5.85431138831738362427E-01    6.59355322067916443940E-02   -1.19167532982538848518E-01    5.76080058848628673296E-01
   -2.46981865505918857240E-01    4.02522423233475534765E-01    8.35471927743493686380E-02   -3.76999363667957054780E-01
   -2.58196233108624273456E-01    6.75806433429640640576E-01   -2.20260465640822189481E-02    6.87611418114175809713E-01
   -1.28452929513220348579E-01   -9.68330864690468279266E-02    1.68480885412705005955E-01   -4.70877483073842528771E-01
   -2.65628194252188587487E-01   -1.81985927341421327430E-01    8.17419663292436454727E-02    7.12946710135259231755E-01
   -5.27422942913774103757E-02   -6.59108663129545357950E-02    1.56943694647907694417E-01    3.47761127130176844746E-02
   -1.00419229183350861012E-01   -1.20542074900014339889E-01    8.12052245261473126803E-02    1.63483629853621997841E-01
   -8.48224122794855733831E-04    1.66823816838191328615E-03    5.86598280870659089664E-03   -2.50774714001895850796E-03
   -4.66118320048080313212E-03    2.98458207890424679840E-03    3.06068890006035432272E-02    1.08142540319053868936E-02
   -2.51738352657603645449E-03    5.29965206310751245355E-03    8.75104420127216856007E-03   -2.30752967813060896191E-03
    7.80111612360604323585E-03   -3.67435615238311322206E-03    1.60069954859792980273E-02    5.11671351757298636942E-03
   -6.43961315395797772448E-03   -8.83964428793019858094E-04   -6.48017264590534936008E-02   -2.82062534332549325056E-03
    3.58777686108458296332E-02    7.58462414720072058971E-02   -8.98335639920315065510E-01   -3.82830806644010590567E-01
    8.94943474425810681083E-01    7.38348460164922060223E-01    7.56483126586923182444E-01   -7.46893415507964980593E-02
   -1.81204122567419773082E-02    1.47393839625640996061E-02    4.83797170826625391737E-02    6.70418344575793214574E-03
   -2.00136270591274034736E-02   -4.98757852314008973127E-03   -1.71650082874461346050E-01    1.52399072266941632003E-01
   -1.14803998695144297143E-02   -2.13553626091866422324E-03   -1.14556398922776803140E-01    5.76120570669731504876E-02
    8.31079159629862125602E-03    3.20618442094902436623E-02    5.25344228293083623238E-02    2.27889688749012379876E-03
   -3.93193730994395862499E-02    7.44192561901613619524E-02    1.02943103557701920447E-01    1.88883166472889191256E-02
   -3.82690400369022187821E-01   -1.49342223817771513339E-01   -3.28703717674446338481E-01    9.17704721616797169936E-02
    2.69042703037700059454E-01   -4.25965651387040844522E-01   -1.27603680585485740329E-01    1.32135970914889822048E-01
   -8.10526635902684922108E-01    9.76833305882013447352E-01   -1.47683045752469072065E-01    3.06646313077908808098E-02
   -2.43616599402507211236E-01    1.98772376985956400475E-01    9.14541255800336294612E-02   -1.42762185113048778451E-01
    1.25762536523810086742E-01   -5.41362159926448427427E-01   -1.67556099018644988341E-01    3.69419301593456095301E-01
    4.66435447517729251388E-01    3.48614364999561998637E-01   -1.63995042927516099240E-01    9.90948207652947582469E-02
   -6.95763361579602390705E-01   -7.61934121681722253960E-01   -2.74116518730591479658E-02   -3.62512380616096974162E-01
    1.65709175765543369370E-03   -1.74860644387374503973E-03    1.21178730057455476266E-02    1.69950445158119738120E-02
    2.95730368927757357456E-02   -1.92450617099974158331E-02    9.42593309552242630822E-02   -8.98840880165858724382E-02
    1.97033625359926897747E-02    1.90025592661224596025E-02   -1.98232011845960592877E-03   -9.57610101209781456114E-04
   -8.32636125643603126900E-03    1.15523356835683186500E-02    7.33246974764866204372E-03    2.84706426319574767980E-02
    1.74473946965629997385E-02    6.65579140129444590118E-03    4.94623029781843526198E-02    2.33258810861614387933E-02
    2.13415669291113163641E-01    3.64988498298616181881E-01    7.73428739772820256215E-02   -4.33058955117756952391E-02
   -2.81621197259441125027E-01    5.48532824907455252017E-01    1.17033688901989049724E-01   -1.50385039246756613274E-01
    2.66477571470269847254E-01   -4.08248360306725718849E-02    4.82187310769854327042E-01   -4.33878353833138219464E-01
    2.90587567633843850412E-02   -2.31438167235311575975E-01   -2.28081361037226593158E-01   -3.28992742375144975320E-01
    1.33665998756067119779E-02   -1.02459605261266711862E-01    4.04725036246943392637E-01    4.49735925229235833367E-01
    5.62545921686104288817E-01    2.48158906426589359606E-01    2.85929745484306933878E-02    4.71530929900310265268E-03
    1.18868717878699836632E+00    5.95268749687178022612E-01    6.72905993282301717606E-02    5.59767717457516390811E-03
   -2.54173573104412131585E+00   -1.24117814064887130310E-01   -2.36429684467384451652E-02   -6.78657294974887997929E-02
    1.08220706693488114003E-01   -2.19060875021469501911E-02    9.71113069876190955487E-03    3.83257039760055880084E-03
   -9.38448571443869172803E-01   -2.92615486509046618391E-01    1.75383063712041792348E-01   -3.48324405082675743993E-04
   -1.34746743251507899997E-01    4.21855449786066705187E-01    1.24052294688880952733E-02   -2.78548998640968450968E-02
   -4.01641184576192744604E-01    7.08345546350371418898E-02   -4.67228649986351357581E-02    4.52894092786272628448E-02
   -1.10266246371097109691E-01    2.57590761456342576263E-01    5.74768420631299320478E-02   -1.14499505407870960649E-02
   -1.41854384038553715808E-01   -1.26892639388379267762E-02   -1.38303782979913719720E-01   -1.30545853047523335855E-01
   -2.86970933925994632629E-02   -1.23229884995951504030E-04   -1.67059597401573584063E-02   -1.55132127039246892064E-01
   -3.19436831389598857589E-02   -9.83372711432591896374E-03    6.58378485449025441234E-01   -3.68338068762866788219E-02
   -1.42683609458103370649E-02    4.72801732776325159269E-02   -1.62353348517443346610E-01    2.04660363310362747313E-01
    2.37945598030641011777E-02    2.82215262240301904828E-02   -7.31636743468744993324E-02   -1.59892013927282000685E-01
    1.14745016455179330017E-01   -6.80696308100424696264E-02    5.91917232000891482824E-02   -3.46145563827060853690E-01
    6.15085894071216277013E-01   -2.41500225791816736098E-01    6.34474967539774142855E-02    4.09326854015868296655E-02
    1.54994523999353706056E-01   -2.79731839273899107745E-01    2.08238740636585047128E-02    1.76156280839927723014E-02
    9.06831299835033494139E-02   -1.17365973890266275803E-01   -3.47088248629631224151E-01   -1.66407293026951882964E-02
   -2.48318154014462999513E-01    7.32774541585079930428E-01   -3.56418476764369732135E-02   -2.30947202685692132285E-01
   -2.27655632238225658082E-01    4.66028125095772183251E-01    1.40553605993187329115E-02    2.83160612360620733696E-01
    9.52417336786705662210E-03    3.18664776836210417166E-01    1.36289692504079407165E-01
    2.00598409520157047736E-02    5.74173539313657776972E-01    2.87292501547683043484E-01
   -2.45071852893689566544E-02   -2.06430366730398384689E+00   -7.72098344143110765225E-02
   -5.37935472858193895751E-03    3.42362055211461319137E-02   -1.76274514753477426487E-02
   -1.08059965472784069718E-01   -7.43782619168994130199E-01   -6.49706250648776295620E-01
    3.23002703188007764257E-02   -1.60528873389981646680E-01    1.56238585357516446273E-01
    9.97647918619738163434E-04   -5.77632750616509094144E-01    3.59556785074392093460E-01
    6.70383041719298661265E-02   -1.02034296306237906582E-01    9.87853625527673473439E-02
   -1.89810152649470598174E-01   -3.41998732975910768594E-01    2.55031590098282578971E-01
   -3.95034058301643523081E-02    1.44628973610879285605E-01    6.09481032837046188266E-02
   -1.84693121537526927511E-01    7.71655757152478888328E-02   -2.22374852604365735864E-01
   -7.01158483333463089515E-01    3.07679072294250906261E-02   -5.45635962060241341831E-02
   -9.79179972926881060646E-03   -7.62705549527845638735E-02   -3.88080358805705238900E-01
   -1.63791516178722479369E-01   -6.22621518692286213259E-01    3.81506317556123186741E-01
   -4.60728400045267230678E-03    9.83852686464549375245E-01   -6.95658170530218278316E-01
   -2.38317219107932951050E-02    1.17379093831504729972E-01   -2.20172108435208679911E-01
    1.91588622626743171340E-01    1.40222803282475272368E-01   -6.77830849804503393630E-02
    3.43518633641795440026E-02   -4.48899999346819844614E-01    4.67969839486431671283E-01
    1.24216061328440971478E-01   -2.85730652683638952638E-01    2.85897445261019567120E-01
