    7.08095341037616288205E-01    9.63153397052601660533E-03    1.61866682319440060786E-03    1.83366895654955451220E-03
    1.67304415134574566495E-03   -3.01994699027611557263E-01    9.61470829424462131163E-03   -8.03123413343545949905E-02
   -2.67094825088883512654E-03   -2.22703770184476401717E-01    3.34204805447982158939E-02   -2.18491003113738008201E-01
   -1.32951464471235507314E-03    4.21495974804608902753E-02    5.91180242429191274423E-02   -4.12295967380633621158E-01
    7.35805720281529048246E-04   -7.17511431416335832001E-03    2.31691873470225087606E-02   -3.82940396702319107991E-01
    4.14788416657624553832E-04   -8.56286153409057393393E-02    3.88407620008822229707E-01    1.18410008370048447368E-01
   -2.90170783500878347750E-04   -3.98492854679627500625E-02    2.01185483111562479763E-01    9.54204333748481792199E-02
    7.31364311425763648960E-05    2.43636297475697573278E-03   -4.57456493836576934958E-03   -1.94354267468660143504E-03
    1.90896904536624119775E-04    4.57470264627642553973E-03   -2.03308906581572031158E-02    7.60439423434073908520E-03
    1.45335489468496729688E-04    7.85744688614024681950E-03   -1.16789642964576483725E-02    2.26591129556969871767E-03
   -1.43284821796103910372E-04   -1.12245652670652867888E-01   -1.61319226029796286559E-01    9.18087473786868973891E-02
    4.95311112479628165746E-04   -3.98445766304233225247E-03   -5.46260643638398213362E-02    2.30216708740935485644E-02
    2.74840901606843157623E-04    7.10492670991599243463E-03    5.70492956921157118311E-03    1.35648271359873652531E-02
    1.07177986211000295948E-04    8.34499594673250057186E-03   -2.72663521235725139769E-03   -5.36080494247713826295E-03
    3.77706157621922463882E-04    1.86376254837940999454E-02    1.71288361264613255008E-02   -9.27532038768139055485E-03
    4.39099763390031899712E-02    7.04974655585937637348E-02    4.17725854647546350484E-03    6.66352866356898776434E-02
   -4.90975696291539379090E-02    2.17171887810000463492E-01   -8.93972069359992289710E-04    2.17132896594599084095E-01
   -9.36525332749390870823E-01   -1.02853271699246393012E-01    5.68926284728410447400E-01   -2.79844168410018412363E-01
    9.36523005227170163289E-02   -2.48722509912843420254E-01    3.23492894003084008325E-01    5.23402827209800580732E-01
    2.55511688655326751896E-01   -5.51809403747677285068E-03   -6.40935228947773216746E-01   -8.39866025990627873554E-01
    1.08011394537268018423E-01    1.27570967938982982037E-01    4.65770084365153436146E-01   -3.26211503131692670543E-01
    2.49313866234091185969E-01   -3.67400855483888677533E-01   -6.63342901882864044438E-01    3.10255132729884530729E-01
   -1.44609537873931562335E-03   -3.44330279987198131786E-02    8.37335238199340926510E-04   -1.07066876885747539611E-02
   -1.25396199482350340082E-02   -2.95924514019575563006E-02    1.21745667583453877347E-02    9.98528278992582424278E-03
   -4.28119768503931036590E-04   -1.89710505588927651199E-02   -3.48494844448035412388E-02    3.21469843315024469965E-02
    2.89201462524771892026E-02   -5.23410680892563928701E-01   -3.76692080314774760397E-02   -2.53002124225650715239E-01
    6.55512332107931583458E-01    3.12066687888405247531E-01   -2.22774552876031650683E-01    1.43932497180013191374E-01
   -6.99746824722933744023E-03    3.52807199851952208586E-03    3.63793464503646205022E-02    4.88744436162418804948E-02
   -9.47791014265764696078E-03    1.24964502640527320293E-02    1.30619792628252184841E-01    2.94600335591195562623E-02
   -1.19517573205395015445E-02   -1.53304632820496361534E-01    1.22804614408942844306E-01   -8.24708961466165263454E-02
    4.06698719069450875807E-01    4.07911805346514166892E-01    2.13827165018517284523E-01    3.99123033480706587706E-03
    9.16751655882973026657E-01    8.50227311694392029473E-01    4.89130037586421873019E-01   -1.80610736520995657228E-02
   -1.51649300987828228315E+00   -1.61075044291214042325E+00   -1.52098980004845230063E-01   -5.35567952209745401504E-01
    1.77868425718894877796E-02   -1.27254351182877173398E-01    3.08687052966719541192E-02    2.27941009513403236575E-01
   -9.55607413308847352361E-04    1.10475656771572494641E+00    8.58679051797153584935E-03    2.50220484029823886374E-01
   -1.28874721560446048318E-02    5.10247511561945643610E-02    1.68553986007630218769E-01    4.75514555856876686146E-01
    2.40769245130087905515E-01    5.35715802910643801305E-01   -6.13619881177293491348E-01   -1.40962559771352274884E-01
    1.44329307794875388166E-02   -5.12307821909109561975E-02    3.62765139203044301337E-04    1.02497922474426059192E-01
   -5.45737476772295490579E-02    8.56505990956352714072E-02   -1.92291869861248521101E-01    1.48460396229370877874E-01
   -8.33400609995403190977E-02    4.90971114754910065159E-02    7.86015256206308576825E-03    7.72647622643186926528E-02
    1.34864358766148328961E-01    6.46621689153000778205E-01   -3.26602371964661020165E-02    1.73940572149654443246E-01
    3.55178618634190701453E-01    2.05022278925521522774E-01   -2.14735244915037167598E-04    1.44686256739483543043E-01
   -2.81936431707387524792E-01    2.25457315513060335688E-01    2.67347831530165558345E-01   -6.32429079818746381347E-02
   -2.11415483941759796416E-02    1.68706576893296378294E-01   -4.40137476605689526021E-01   -1.42019368280755092782E-01
    1.76404744378367284163E-02   -1.86207775430884237000E-01    1.40158759325986620459E-01   -4.37557435361877355984E-01
    5.70969477548689471891E-02    8.80568501060550040682E-02    7.91251890873334445820E-02
    1.78660566300722356559E-01    2.77646845908251116430E-01    2.68258541265852412661E-01
    2.68173443631507135709E-01    6.66390519246231050055E-01    1.06999683369232667651E+00
   -6.59923622404108151107E-02   -2.88816206295814559279E-01   -2.42786452196032342954E-01
   -5.79032143624438444540E-01   -2.02563094666389442722E-01   -2.87860108255038216196E-01
    1.60326237419814582319E-01   -1.77044252785201416955E-01   -1.29048462533269403529E-01
   -2.69076019738334670794E-01   -2.60267374076989530321E-03   -5.63486443915664603210E-01
   -5.62145316882083079246E-02    2.00660100809536556810E-01    6.72045344221636475890E-02
    8.31202354834548531870E-03   -2.91669697916628334333E-01    8.47537990210039171579E-01
    3.30620867549210883940E-01    6.75656860496967048846E-02   -4.47320601370222378779E-02
   -2.34099145977668426921E-01   -4.68763758459445289972E-01   -6.71282741025228668619E-01
   -4.13922836843737679269E-02   -1.09461694335767578679E-01   -1.68624867718036003383E-01
   -3.12404919490178012431E-01    3.26654885027899244410E-01    2.20581390170167146447E-01
    7.02802869405971392114E-02    4.53608786227157279036E-01   -4.13043356522056204216E-02
    2.52978034363060488854E-01    1.97058265244434038799E-01    5.26388445496691170788E-01
    3.20314793096040162368E-01    2.01269398353395329027E-01    9.57413443887431547807E-02    6.03840669183125955399E-01
    1.56425577688857259107E-01    5.73824069248732526738E-01    2.46788568775610533956E-01   -1.08782082233497567891E+00
   -1.88426477109125897758E-02   -2.16134440410167411040E-02    7.59461328201714719333E-02    7.48171710030044040396E-02
    7.43076772444522474365E-03   -1.12559580640232042084E-03    1.10937190893343376463E-01    5.95161293236071697876E-02
    2.04989420062007099421E-01   -3.57364527765807807325E-02   -5.92627293424452861181E-01    1.01826585072567102341E-01
    5.59675115554725127742E-02   -9.93583549403166843561E-01    3.82650799200722757654E-01    6.81506225739558990639E-01
   -1.26879558499244093905E-02    1.30317346389858482875E-02   -5.41372020112819291038E-02   -1.40238759649786659534E-01
   -1.14363626315337526401E-02    7.71469453686618369254E-03   -8.30089212716297181194E-02   -4.00618133430080019305E-04
   -1.12807274781654663653E-02    1.59747174399325099492E-02   -4.10979028552259373352E-02   -1.75872165951322767530E-01
    1.25343952713371148411E-01    9.21241371847082157753E-02    2.90680713627068376681E-01    4.34536047247661372239E-01
   -3.58513559688677263537E-01   -5.47900745176171710682E-01   -7.53898326538522678408E-02    1.15221690814249849710E-01
   -1.32766397374895261940E-01   -8.54434188059962906880E-02   -3.51568209460205102768E-02    3.83283935861310043336E-01
    2.22881774981764868571E-01    2.10389795982762707258E-03    4.50515714625083107947E-01   -4.04534990969189045540E-01
    1.10275937552705149969E-01    1.91335220587235732559E-01    7.05259390233691496608E-02   -1.45920150845246676674E-01
    1.73370080840960810731E-01    1.30590457171226664856E-01   -1.42794203191415725041E-01   -1.66426669835567697664E-01
    2.85699894004237231471E-01   -2.87246228176226359174E-01    1.74530051761150710454E-02    3.97661268254870026162E-01
   -2.50541275331877033583E-01   -3.39543408915271960336E-01    3.43372000467185634065E-01   -5.73521247834851352621E-02
   -7.29115263291293252967E-02    3.54004288142139134088E-01    2.99764283530049913118E-01    3.11151117330897897251E-01
    5.34543615373900826704E-01
    9.44589553343766041849E-01
   -9.24831325753143862478E-01
   -5.75468258290484535600E-01
   -9.57514855336137560293E-01
   -3.41061424692141457182E-01
    2.94129173200189053539E-01
    3.83319072855107523257E-01
    5.24577812364915074816E-01
    7.08114444238464257886E-01    3.85877076787630342303E-03    2.10489765006077050868E-03    3.86885059886456009193E-02
    1.63841949228029368571E-03   -2.80379087071329358150E-01    1.16809731737782446226E-01   -8.45502063150441462991E-02
   -4.46532017662169735533E-03   -2.25714401718076052017E-01    1.82986708621153848497E-01   -9.66092851102720251433E-01
   -1.26174446699147042340E-03    6.69569560510045597157E-02    3.76107258862545590361E-01    1.13268405627383370038E-01
    6.25543151064891062539E-04    5.84863160197315792160E-03    2.70476590202166355947E-01    2.69861951013665557486E-01
    2.82098163257012450253E-04    1.13555512325380206229E-01   -1.51064128330423690788E-02   -7.25716069376212621900E-03
   -1.35180766302534470513E-03    4.61388128723313820090E-02   -4.72921731098535289006E-02    1.42561503957068180792E-01
    9.34143357523346469539E-06   -2.10375095314346447981E-03    1.79107665783606790667E-03   -3.62910660891942052700E-03
    5.02888454472929748900E-05   -3.05155224245747761641E-03    1.55320651341856619948E-02   -5.55819749276469533134E-03
   -1.51141822954367139920E-05   -5.90619438770169803005E-03   -6.19338402037305710279E-03   -6.52795508115327008380E-03
   -1.29502646257050950228E-05    1.76411811645006633142E-01    6.94114441337327497950E-02   -4.36849334623100188368E-02
   -2.58374830753048021718E-04    2.08572777363468034317E-02    2.68575854472296558784E-02   -7.86296286164625213289E-01
   -2.56297106330323997119E-04   -9.46078157880177704475E-03    8.99113195406104487306E-03    1.00546309954084433363E-02
   -1.30162143558740759936E-04   -8.95775698150037130718E-03   -4.33430403301727617399E-03   -3.48930966959652135925E-03
   -3.91870471277905318714E-04   -2.46827391053086216133E-02   -1.02789844293661222080E-02    2.22871389162788043070E-02
    2.42586256963007070031E-02    1.06488765896710052550E-01    4.88489274739447882495E-03    1.08512159084371458129E-02
   -1.04087100266856774633E-01    3.66304595203928717861E-01   -6.59258681038126514995E-02    1.76216418825035116280E-02
   -1.00532541368013172978E+00   -4.78434685421034844310E-01   -8.31894502282786052483E-01   -5.46265310074908194693E-01
   -3.31266150825857141893E-02   -1.45934538517099504640E-01   -5.81617537987180410752E-01    3.23411543689916314293E-01
    5.39116912085549140898E-02    6.07253633654488492177E-02    6.59193609941790437112E-01   -4.15344370349397695730E-01
   -3.79167265321509572296E-01    1.06360051820902315467E-01    3.62213059681847138194E-01    5.79094274327956348714E-01
   -1.39951774364812053797E+00   -1.89185490563240188422E-01   -8.46164617405449681620E-01   -1.87705214244834772686E+00
   -3.55829471001548264600E-03   -1.91630531132577879017E-02    1.32754809230362091910E-02    2.21326624130277899161E-02
    4.65414324282088526924E-03   -8.37525481747464911608E-02   -1.53342640301274979464E-02    3.43468124432647070599E-02
   -4.57251080943188534939E-03    2.53201276511981106243E-02    3.49705531965143825990E-02    4.45587924465671234020E-02
    4.93312213179670500107E-02    5.49273525344521562630E-01   -1.86313943223291006435E-01    1.22747217400913863350E-01
    3.00991689959429431500E-01   -4.54178183809498925427E-01    6.70410901711195467145E-02    5.47765802731255746494E-01
    2.76111365059397446259E-03    2.10696242739400844968E-02    8.35934050570358300192E-03   -7.91130966334915725069E-02
   -1.30595244374861092773E-02    7.03535283207293443697E-02    4.85400298839757521341E-02    3.09870999672892839805E-02
    1.01459560111480141809E-02    1.58646023250564538465E-01   -9.28229957834968144592E-03   -1.40103046919668516868E-01
    6.44156019905251092661E-02    4.29248887267940026913E-01    3.60421116956072928872E-01    5.50658360694323945062E-01
    1.29427137906589134753E-01    9.15270595254292884668E-01    6.52083317826596564615E-01    1.15323574892327052055E+00
   -5.05689155998971462402E-01   -2.35587099906906916047E+00   -3.03354550960385349612E+00   -2.29392315186891959655E+00
    1.49841499386720224812E-02    2.55918547774669387362E-02    5.69516194670247333232E-02   -1.36662648582165868749E-01
   -8.56450519414726080258E-02    1.16143603131542011431E-01    5.01835546377191188405E-01    4.38364708247170775657E-01
   -1.05030232630607719968E-01    1.78877925377336627344E-01   -8.12029536439131255365E-02   -1.26411685937080853215E-01
   -3.45433896801449646929E-01   -5.75971721664417235509E-01   -1.70244656509205527506E+00   -7.17440807752009690468E-01
    2.43941466269812050338E-02    2.49638238456562772116E-02    1.15794561991327104450E-02   -3.21993613858972335673E-02
   -2.31251236773282270454E-01    1.84441456796282543529E-01    2.56559914620087037296E-01   -3.09506976256201771225E-01
   -6.64419879712289680046E-03   -4.79818571402732749198E-02   -2.26810771000942636155E-02    7.11713859789982195014E-02
    5.35747166708853833628E-02   -2.51164661595590199550E-01   -2.88387282761326468883E-01   -3.64210012547107608860E-01
   -4.91547140392324943825E-02   -1.57453528681715471116E-01   -3.14288647916791744064E-02    2.23594632040080253110E-02
    2.60406558321518044608E-01    2.41846770092732699098E-01   -2.22076951590491206145E-01   -2.74522784976566958104E-01
    2.15024253968547185423E-01   -1.20221062568232561762E-01    5.58718486094147204213E-01   -1.12924533791849857067E-01
   -2.16858431965533587915E-01    7.99294314197239869069E-02    3.48222924448083129279E-02   -1.69343196158565967302E-01
    8.88276063598998910642E-02    1.67567775749964203991E-01    1.34133590000308139389E-01
    5.23193914126912490437E-02    1.85622422916174922847E-01    2.63852303226687567861E-01
   -1.87104393927582779433E+00   -2.53996740497856166030E+00   -1.06432136761387657886E-01
    2.88663283927026115272E-01    2.33574993389692758816E-01   -1.87564215862927902156E-01
    5.28133133351915806664E-01    2.77247739055707986822E-01   -2.62165540408022312846E-01
    1.03922905761129072411E-01    1.45123090408888211211E-02   -4.45944338288838060258E-01
   -1.16031809137862901293E-01   -8.30975547566654482168E-01   -1.08792758639908937468E+00
    1.18934098137591023892E-01   -1.19987865499569898442E-01    2.28931738855847249914E-01
   -4.71422900798960431423E-01    5.88209336479183081403E-02    3.83188840610774461570E-01
    5.12936676989325657239E-02    3.71974436711231981612E-01    3.35701913402597973413E-01
   -5.75991618085604395461E-01   -5.58966559752139491302E-01    6.16989013680717124366E-01
   -2.28259791348582041781E-01   -1.14227488989941367015E-01    2.55054164753187373460E-01
   -6.36767745458893114074E-02    3.88724565955457956878E-01   -2.16200748215920168782E-01
    3.69461488995498354981E-02    1.96323111877995504226E-01   -2.45122521509270191453E-01
    5.97715311756552014621E-01    2.03095969788670976941E-01   -3.77988268972528518308E-01
    3.24247289452654852138E-01    2.18540144956563792134E-01    1.90509073586130089906E-01    5.33012708305162008493E-01
    1.57927868032902624096E-01    7.06700370383733678104E-01    5.20994345853004858782E-01   -1.48152508300629470739E+00
   -2.01942882108049580336E-02   -1.63847442577919021056E-02    1.31695071479351749622E-01    3.18090180114918158472E-02
   -1.84667267311805875785E-02   -9.75760710030233562040E-03    4.76509253722611561543E-02    5.65000597906057736020E-02
   -2.52976927526969486149E-01    2.40834567922369353898E-02    6.55322330340798897552E-01   -1.67100952917958983646E-01
   -1.03838033179109404114E-01    1.15837775115631114176E+00   -5.73690862795253053719E-01   -6.29236164655561314163E-01
    1.32167387932543411305E-02   -6.10273151407529808321E-03    1.17257315432955491752E-01    4.01397683925982240449E-02
    1.19923809638420447721E-02   -1.29976980080520852778E-02   -5.55321425535535134060E-03    1.93894962931061065614E-01
    1.01589231869256488294E-02   -1.59985078657199110419E-02    4.48170573227572519026E-02    1.39888762597095928086E-01
    1.74479092016471437621E-01    1.04770403217623684494E-02    5.39654081395467000171E-01    3.01431734835865439148E-01
   -5.92532143437726754875E-01   -9.68972633914524261733E-01   -3.92196275843885611145E-01    8.29893358434829919723E-01
    6.32381860816207119758E-02   -4.53273834932047189894E-02    2.73587636129491440506E-01   -7.69722644165529379379E-01
   -8.23675610776229416565E-02   -4.24877172373951464412E-02    9.30023200314184644855E-02    4.07408491326905430885E-01
   -1.72180344521031342131E-01   -3.27094773038358543893E-01   -1.35870763139122080476E-01    4.96670011111803366699E-01
   -1.30814279281517648057E-01   -1.26977830612348352446E-01    2.19618242568273669413E-01    2.14659037835123689408E-01
    1.24457834050444804408E-01    4.96427713264468273291E-01   -2.26334727812387642709E-01   -3.96574276116481369558E-02
   -4.03356489626787828584E-01    7.09164521762711413944E-02   -1.78192836095846685041E-01   -3.65037427690436788730E-01
    2.01770873046889814839E-01   -2.72798029180263579274E-01   -4.12427514234204206645E-01   -2.31936571510361566606E-01
    4.78551256284499737514E-01
    6.92068966453109113424E-01
   -4.99265223615170006255E-01
   -9.43530271699117406570E-01
    7.71231059594742585084E-01
    1.82721384351719196015E-01
   -3.58363191387023494183E-01
   -9.12876115016224565224E-02
   -4.96353965719609047103E-01
    7.08095341037616288205E-01    9.63153397052601660533E-03    1.61866682319440060786E-03    1.83366895654955451220E-03
    1.67304415134574566495E-03   -3.01994699027611557263E-01    9.61470829424462131163E-03   -8.03123413343545949905E-02
   -2.67094825088883512654E-03   -2.22703770184476401717E-01    3.34204805447982158939E-02   -2.18491003113738008201E-01
   -1.32951464471235507314E-03    4.21495974804608902753E-02    5.91180242429191274423E-02   -4.12295967380633621158E-01
    7.35805720281529048246E-04   -7.17511431416335832001E-03    2.31691873470225087606E-02   -3.82940396702319107991E-01
    4.14788416657624553832E-04   -8.56286153409057393393E-02    3.88407620008822229707E-01    1.18410008370048447368E-01
   -2.90170783500878347750E-04   -3.98492854679627500625E-02    2.01185483111562479763E-01    9.54204333748481792199E-02
    7.31364311425763648960E-05    2.43636297475697573278E-03   -4.57456493836576934958E-03   -1.94354267468660143504E-03
    1.90896904536624119775E-04    4.57470264627642553973E-03   -2.03308906581572031158E-02    7.60439423434073908520E-03
    1.45335489468496729688E-04    7.85744688614024681950E-03   -1.16789642964576483725E-02    2.26591129556969871767E-03
   -1.43284821796103910372E-04   -1.12245652670652867888E-01   -1.61319226029796286559E-01    9.18087473786868973891E-02
    4.95311112479628165746E-04   -3.98445766304233225247E-03   -5.46260643638398213362E-02    2.30216708740935485644E-02
    2.74840901606843157623E-04    7.10492670991599243463E-03    5.70492956921157118311E-03    1.35648271359873652531E-02
    1.07177986211000295948E-04    8.34499594673250057186E-03   -2.72663521235725139769E-03   -5.36080494247713826295E-03
    3.77706157621922463882E-04    1.86376254837940999454E-02    1.71288361264613255008E-02   -9.27532038768139055485E-03
    4.39099763390031899712E-02    7.04974655585937637348E-02    4.17725854647546350484E-03    6.66352866356898776434E-02
   -4.90975696291539379090E-02    2.17171887810000463492E-01   -8.93972069359992289710E-04    2.17132896594599084095E-01
   -9.36525332749390870823E-01   -1.02853271699246393012E-01    5.68926284728410447400E-01   -2.79844168410018412363E-01
    9.36523005227170163289E-02   -2.48722509912843420254E-01    3.23492894003084008325E-01    5.23402827209800580732E-01
    2.55511688655326751896E-01   -5.51809403747677285068E-03   -6.40935228947773216746E-01   -8.39866025990627873554E-01
    1.08011394537268018423E-01    1.27570967938982982037E-01    4.65770084365153436146E-01   -3.26211503131692670543E-01
    2.49313866234091185969E-01   -3.67400855483888677533E-01   -6.63342901882864044438E-01    3.10255132729884530729E-01
   -1.44609537873931562335E-03   -3.44330279987198131786E-02    8.37335238199340926510E-04   -1.07066876885747539611E-02
   -1.25396199482350340082E-02   -2.95924514019575563006E-02    1.21745667583453877347E-02    9.98528278992582424278E-03
   -4.28119768503931036590E-04   -1.89710505588927651199E-02   -3.48494844448035412388E-02    3.21469843315024469965E-02
    2.89201462524771892026E-02   -5.23410680892563928701E-01   -3.76692080314774760397E-02   -2.53002124225650715239E-01
    6.55512332107931583458E-01    3.12066687888405247531E-01   -2.22774552876031650683E-01    1.43932497180013191374E-01
   -6.99746824722933744023E-03    3.52807199851952208586E-03    3.63793464503646205022E-02    4.88744436162418804948E-02
   -9.47791014265764696078E-03    1.24964502640527320293E-02    1.30619792628252184841E-01    2.94600335591195562623E-02
   -1.19517573205395015445E-02   -1.53304632820496361534E-01    1.22804614408942844306E-01   -8.24708961466165263454E-02
    4.06698719069450875807E-01    4.07911805346514166892E-01    2.13827165018517284523E-01    3.99123033480706587706E-03
    9.16751655882973026657E-01    8.50227311694392029473E-01    4.89130037586421873019E-01   -1.80610736520995657228E-02
   -1.51649300987828228315E+00   -1.61075044291214042325E+00   -1.52098980004845230063E-01   -5.35567952209745401504E-01
    1.77868425718894877796E-02   -1.27254351182877173398E-01    3.08687052966719541192E-02    2.27941009513403236575E-01
   -9.55607413308847352361E-04    1.10475656771572494641E+00    8.58679051797153584935E-03    2.50220484029823886374E-01
   -1.28874721560446048318E-02    5.10247511561945643610E-02    1.68553986007630218769E-01    4.75514555856876686146E-01
    2.40769245130087905515E-01    5.35715802910643801305E-01   -6.13619881177293491348E-01   -1.40962559771352274884E-01
    1.44329307794875388166E-02   -5.12307821909109561975E-02    3.62765139203044301337E-04    1.02497922474426059192E-01
   -5.45737476772295490579E-02    8.56505990956352714072E-02   -1.92291869861248521101E-01    1.48460396229370877874E-01
   -8.33400609995403190977E-02    4.90971114754910065159E-02    7.86015256206308576825E-03    7.72647622643186926528E-02
    1.34864358766148328961E-01    6.46621689153000778205E-01   -3.26602371964661020165E-02    1.73940572149654443246E-01
    3.55178618634190701453E-01    2.05022278925521522774E-01   -2.14735244915037167598E-04    1.44686256739483543043E-01
   -2.81936431707387524792E-01    2.25457315513060335688E-01    2.67347831530165558345E-01   -6.32429079818746381347E-02
   -2.11415483941759796416E-02    1.68706576893296378294E-01   -4.40137476605689526021E-01   -1.42019368280755092782E-01
    1.76404744378367284163E-02   -1.86207775430884237000E-01    1.40158759325986620459E-01   -4.37557435361877355984E-01
    5.70969477548689471891E-02    8.80568501060550040682E-02    7.91251890873334445820E-02
    1.78660566300722356559E-01    2.77646845908251116430E-01    2.68258541265852412661E-01
    2.68173443631507135709E-01    6.66390519246231050055E-01    1.06999683369232667651E+00
   -6.59923622404108151107E-02   -2.88816206295814559279E-01   -2.42786452196032342954E-01
   -5.79032143624438444540E-01   -2.02563094666389442722E-01   -2.87860108255038216196E-01
    1.60326237419814582319E-01   -1.77044252785201416955E-01   -1.29048462533269403529E-01
   -2.69076019738334670794E-01   -2.60267374076989530321E-03   -5.63486443915664603210E-01
   -5.62145316882083079246E-02    2.00660100809536556810E-01    6.72045344221636475890E-02
    8.31202354834548531870E-03   -2.91669697916628334333E-01    8.47537990210039171579E-01
    3.30620867549210883940E-01    6.75656860496967048846E-02   -4.47320601370222378779E-02
   -2.34099145977668426921E-01   -4.68763758459445289972E-01   -6.71282741025228668619E-01
   -4.13922836843737679269E-02   -1.09461694335767578679E-01   -1.68624867718036003383E-01
   -3.12404919490178012431E-01    3.26654885027899244410E-01    2.20581390170167146447E-01
    7.02802869405971392114E-02    4.53608786227157279036E-01   -4.13043356522056204216E-02
    2.52978034363060488854E-01    1.97058265244434038799E-01    5.26388445496691170788E-01
    3.20314793096040162368E-01    2.01269398353395329027E-01    9.57413443887431547807E-02    6.03840669183125955399E-01
    1.56425577688857259107E-01    5.73824069248732526738E-01    2.46788568775610533956E-01   -1.08782082233497567891E+00
   -1.88426477109125897758E-02   -2.16134440410167411040E-02    7.59461328201714719333E-02    7.48171710030044040396E-02
    7.43076772444522474365E-03   -1.12559580640232042084E-03    1.10937190893343376463E-01    5.95161293236071697876E-02
    2.04989420062007099421E-01   -3.57364527765807807325E-02   -5.92627293424452861181E-01    1.01826585072567102341E-01
    5.59675115554725127742E-02   -9.93583549403166843561E-01    3.82650799200722757654E-01    6.81506225739558990639E-01
   -1.26879558499244093905E-02    1.30317346389858482875E-02   -5.41372020112819291038E-02   -1.40238759649786659534E-01
   -1.14363626315337526401E-02    7.71469453686618369254E-03   -8.30089212716297181194E-02   -4.00618133430080019305E-04
   -1.12807274781654663653E-02    1.59747174399325099492E-02   -4.10979028552259373352E-02   -1.75872165951322767530E-01
    1.25343952713371148411E-01    9.21241371847082157753E-02    2.90680713627068376681E-01    4.34536047247661372239E-01
   -3.58513559688677263537E-01   -5.47900745176171710682E-01   -7.53898326538522678408E-02    1.15221690814249849710E-01
   -1.32766397374895261940E-01   -8.54434188059962906880E-02   -3.51568209460205102768E-02    3.83283935861310043336E-01
    2.22881774981764868571E-01    2.10389795982762707258E-03    4.50515714625083107947E-01   -4.04534990969189045540E-01
    1.10275937552705149969E-01    1.91335220587235732559E-01    7.05259390233691496608E-02   -1.45920150845246676674E-01
    1.73370080840960810731E-01    1.30590457171226664856E-01   -1.42794203191415725041E-01   -1.66426669835567697664E-01
    2.85699894004237231471E-01   -2.87246228176226359174E-01    1.74530051761150710454E-02    3.97661268254870026162E-01
   -2.50541275331877033583E-01   -3.39543408915271960336E-01    3.43372000467185634065E-01   -5.73521247834851352621E-02
   -7.29115263291293252967E-02    3.54004288142139134088E-01    2.99764283530049913118E-01    3.11151117330897897251E-01
    5.34543615373900826704E-01
    9.44589553343766041849E-01
   -9.24831325753143862478E-01
   -5.75468258290484535600E-01
   -9.57514855336137560293E-01
   -3.41061424692141457182E-01
    2.94129173200189053539E-01
    3.83319072855107523257E-01
    5.24577812364915074816E-01
    7.08114444238464257886E-01    3.85877076787630342303E-03    2.10489765006077050868E-03    3.86885059886456009193E-02
    1.63841949228029368571E-03   -2.80379087071329358150E-01    1.16809731737782446226E-01   -8.45502063150441462991E-02
   -4.46532017662169735533E-03   -2.25714401718076052017E-01    1.82986708621153848497E-01   -9.66092851102720251433E-01
   -1.26174446699147042340E-03    6.69569560510045597157E-02    3.76107258862545590361E-01    1.13268405627383370038E-01
    6.25543151064891062539E-04    5.84863160197315792160E-03    2.70476590202166355947E-01    2.69861951013665557486E-01
    2.82098163257012450253E-04    1.13555512325380206229E-01   -1.51064128330423690788E-02   -7.25716069376212621900E-03
   -1.35180766302534470513E-03    4.61388128723313820090E-02   -4.72921731098535289006E-02    1.42561503957068180792E-01
    9.34143357523346469539E-06   -2.10375095314346447981E-03    1.79107665783606790667E-03   -3.62910660891942052700E-03
    5.02888454472929748900E-05   -3.05155224245747761641E-03    1.55320651341856619948E-02   -5.55819749276469533134E-03
   -1.51141822954367139920E-05   -5.90619438770169803005E-03   -6.19338402037305710279E-03   -6.52795508115327008380E-03
   -1.29502646257050950228E-05    1.76411811645006633142E-01    6.94114441337327497950E-02   -4.36849334623100188368E-02
   -2.58374830753048021718E-04    2.08572777363468034317E-02    2.68575854472296558784E-02   -7.86296286164625213289E-01
   -2.56297106330323997119E-04   -9.46078157880177704475E-03    8.99113195406104487306E-03    1.00546309954084433363E-02
   -1.30162143558740759936E-04   -8.95775698150037130718E-03   -4.33430403301727617399E-03   -3.48930966959652135925E-03
   -3.91870471277905318714E-04   -2.46827391053086216133E-02   -1.02789844293661222080E-02    2.22871389162788043070E-02
    2.42586256963007070031E-02    1.06488765896710052550E-01    4.88489274739447882495E-03    1.08512159084371458129E-02
   -1.04087100266856774633E-01    3.66304595203928717861E-01   -6.59258681038126514995E-02    1.76216418825035116280E-02
   -1.00532541368013172978E+00   -4.78434685421034844310E-01   -8.31894502282786052483E-01   -5.46265310074908194693E-01
   -3.31266150825857141893E-02   -1.45934538517099504640E-01   -5.81617537987180410752E-01    3.23411543689916314293E-01
    5.39116912085549140898E-02    6.07253633654488492177E-02    6.59193609941790437112E-01   -4.15344370349397695730E-01
   -3.79167265321509572296E-01    1.06360051820902315467E-01    3.62213059681847138194E-01    5.79094274327956348714E-01
   -1.39951774364812053797E+00   -1.89185490563240188422E-01   -8.46164617405449681620E-01   -1.87705214244834772686E+00
   -3.55829471001548264600E-03   -1.91630531132577879017E-02    1.32754809230362091910E-02    2.21326624130277899161E-02
    4.65414324282088526924E-03   -8.37525481747464911608E-02   -1.53342640301274979464E-02    3.43468124432647070599E-02
   -4.57251080943188534939E-03    2.53201276511981106243E-02    3.49705531965143825990E-02    4.45587924465671234020E-02
    4.93312213179670500107E-02    5.49273525344521562630E-01   -1.86313943223291006435E-01    1.22747217400913863350E-01
    3.00991689959429431500E-01   -4.54178183809498925427E-01    6.70410901711195467145E-02    5.47765802731255746494E-01
    2.76111365059397446259E-03    2.10696242739400844968E-02    8.35934050570358300192E-03   -7.91130966334915725069E-02
   -1.30595244374861092773E-02    7.03535283207293443697E-02    4.85400298839757521341E-02    3.09870999672892839805E-02
    1.01459560111480141809E-02    1.58646023250564538465E-01   -9.28229957834968144592E-03   -1.40103046919668516868E-01
    6.44156019905251092661E-02    4.29248887267940026913E-01    3.60421116956072928872E-01    5.50658360694323945062E-01
    1.29427137906589134753E-01    9.15270595254292884668E-01    6.52083317826596564615E-01    1.15323574892327052055E+00
   -5.05689155998971462402E-01   -2.35587099906906916047E+00   -3.03354550960385349612E+00   -2.29392315186891959655E+00
    1.49841499386720224812E-02    2.55918547774669387362E-02    5.69516194670247333232E-02   -1.36662648582165868749E-01
   -8.56450519414726080258E-02    1.16143603131542011431E-01    5.01835546377191188405E-01    4.38364708247170775657E-01
   -1.05030232630607719968E-01    1.78877925377336627344E-01   -8.12029536439131255365E-02   -1.26411685937080853215E-01
   -3.45433896801449646929E-01   -5.75971721664417235509E-01   -1.70244656509205527506E+00   -7.17440807752009690468E-01
    2.43941466269812050338E-02    2.49638238456562772116E-02    1.15794561991327104450E-02   -3.21993613858972335673E-02
   -2.31251236773282270454E-01    1.84441456796282543529E-01    2.56559914620087037296E-01   -3.09506976256201771225E-01
   -6.64419879712289680046E-03   -4.79818571402732749198E-02   -2.26810771000942636155E-02    7.11713859789982195014E-02
    5.35747166708853833628E-02   -2.51164661595590199550E-01   -2.88387282761326468883E-01   -3.64210012547107608860E-01
   -4.91547140392324943825E-02   -1.57453528681715471116E-01   -3.14288647916791744064E-02    2.23594632040080253110E-02
    2.60406558321518044608E-01    2.41846770092732699098E-01   -2.22076951590491206145E-01   -2.74522784976566958104E-01
    2.15024253968547185423E-01   -1.20221062568232561762E-01    5.58718486094147204213E-01   -1.12924533791849857067E-01
   -2.16858431965533587915E-01    7.99294314197239869069E-02    3.48222924448083129279E-02   -1.69343196158565967302E-01
    8.88276063598998910642E-02    1.67567775749964203991E-01    1.34133590000308139389E-01
    5.23193914126912490437E-02    1.85622422916174922847E-01    2.63852303226687567861E-01
   -1.87104393927582779433E+00   -2.53996740497856166030E+00   -1.06432136761387657886E-01
    2.88663283927026115272E-01    2.33574993389692758816E-01   -1.87564215862927902156E-01
    5.28133133351915806664E-01    2.77247739055707986822E-01   -2.62165540408022312846E-01
    1.03922905761129072411E-01    1.45123090408888211211E-02   -4.45944338288838060258E-01
   -1.16031809137862901293E-01   -8.30975547566654482168E-01   -1.08792758639908937468E+00
    1.18934098137591023892E-01   -1.19987865499569898442E-01    2.28931738855847249914E-01
   -4.71422900798960431423E-01    5.88209336479183081403E-02    3.83188840610774461570E-01
    5.12936676989325657239E-02    3.71974436711231981612E-01    3.35701913402597973413E-01
   -5.75991618085604395461E-01   -5.58966559752139491302E-01    6.16989013680717124366E-01
   -2.28259791348582041781E-01   -1.14227488989941367015E-01    2.55054164753187373460E-01
   -6.36767745458893114074E-02    3.88724565955457956878E-01   -2.16200748215920168782E-01
    3.69461488995498354981E-02    1.96323111877995504226E-01   -2.45122521509270191453E-01
    5.97715311756552014621E-01    2.03095969788670976941E-01   -3.77988268972528518308E-01
    3.24247289452654852138E-01    2.18540144956563792134E-01    1.90509073586130089906E-01    5.33012708305162008493E-01
    1.57927868032902624096E-01    7.06700370383733678104E-01    5.20994345853004858782E-01   -1.48152508300629470739E+00
   -2.01942882108049580336E-02   -1.63847442577919021056E-02    1.31695071479351749622E-01    3.18090180114918158472E-02
   -1.84667267311805875785E-02   -9.75760710030233562040E-03    4.76509253722611561543E-02    5.65000597906057736020E-02
   -2.52976927526969486149E-01    2.40834567922369353898E-02    6.55322330340798897552E-01   -1.67100952917958983646E-01
   -1.03838033179109404114E-01    1.15837775115631114176E+00   -5.73690862795253053719E-01   -6.29236164655561314163E-01
    1.32167387932543411305E-02   -6.10273151407529808321E-03    1.17257315432955491752E-01    4.01397683925982240449E-02
    1.19923809638420447721E-02   -1.29976980080520852778E-02   -5.55321425535535134060E-03    1.93894962931061065614E-01
    1.01589231869256488294E-02   -1.59985078657199110419E-02    4.48170573227572519026E-02    1.39888762597095928086E-01
    1.74479092016471437621E-01    1.04770403217623684494E-02    5.39654081395467000171E-01    3.01431734835865439148E-01
   -5.92532143437726754875E-01   -9.68972633914524261733E-01   -3.92196275843885611145E-01    8.29893358434829919723E-01
    6.32381860816207119758E-02   -4.53273834932047189894E-02    2.73587636129491440506E-01   -7.69722644165529379379E-01
   -8.23675610776229416565E-02   -4.24877172373951464412E-02    9.30023200314184644855E-02    4.07408491326905430885E-01
   -1.72180344521031342131E-01   -3.27094773038358543893E-01   -1.35870763139122080476E-01    4.96670011111803366699E-01
   -1.30814279281517648057E-01   -1.26977830612348352446E-01    2.19618242568273669413E-01    2.14659037835123689408E-01
    1.24457834050444804408E-01    4.96427713264468273291E-01   -2.26334727812387642709E-01   -3.96574276116481369558E-02
   -4.03356489626787828584E-01    7.09164521762711413944E-02   -1.78192836095846685041E-01   -3.65037427690436788730E-01
    2.01770873046889814839E-01   -2.72798029180263579274E-01   -4.12427514234204206645E-01   -2.31936571510361566606E-01
    4.78551256284499737514E-01
    6.92068966453109113424E-01
   -4.99265223615170006255E-01
   -9.43530271699117406570E-01
    7.71231059594742585084E-01
    1.82721384351719196015E-01
   -3.58363191387023494183E-01
   -9.12876115016224565224E-02
   -4.96353965719609047103E-01
