    9.93393143144504553455E-01    2.19819897103394806814E-01    1.69472453583870577603E-10    8.57985025325420369580E-02
    3.18028586810654434469E-02   -7.38313478676280832147E-01   -8.82012208330070779399E-10   -4.31348172857128286939E-01
    1.20709088250311166494E-11   -3.96357967797357789630E-10    5.90902723602291790606E-01   -3.38098440312886267475E-10
   -4.71843098013355853604E-03    1.29503086369156056312E-01   -2.87798860525449286375E-10   -8.99772595158099153245E-01
   -6.59481108799186543229E-03   -1.60789407694373998048E-01    4.95830459683565927254E-01    1.20050537548412938893E-01
   -6.59481107477506971887E-03   -1.60789407300465425621E-01   -2.47915230010219589385E-01    1.20050537913059585104E-01
    1.85556701381066974088E-01   -1.32365058823861423490E-09
   -1.25698993321105456644E+00    9.67637070410762586251E-09
    6.70202667529032554785E-09    1.05312327622290613505E+00
    5.43678247098665856640E-01   -4.09958645624007353570E-09
    7.12328284790346599742E-01   -9.89798834161976337498E-01
    7.12328294305305531608E-01    4.94899409210189100694E-01
    5.90902723460086209961E-01    1.05312327619621659558E+00
    4.29401774083510767710E-01   -8.57190929897053255360E-01
