    3.99047571396572764435E-01    7.12498188899495454862E-01    4.36823505173213499919E-01
    1.83034226988446818707E-01   -7.27726682284957293589E-01   -2.17681145227685168830E-01
   -2.19941649315369691653E-02   -1.85168410817653020239E-02    7.03395730376338512713E-01
    5.86420663677695186422E-01
    5.86420663677695186422E-01
    1.57657468974645553761E-01    8.08957949123341291120E-01    2.30275992798390527483E+00
    1.84374412062123482769E+00   -1.59245098445127397646E+00    1.18812816359989886772E-01
   -1.24273450674467229177E-02    3.75295643333973305555E-01   -1.91558249197621899285E+00
    9.56910813256350745171E-01
    9.56910813256350745171E-01
    3.99047571396572764435E-01    7.12498188899495454862E-01    4.36823505173213499919E-01
    1.83034226988446818707E-01   -7.27726682284957293589E-01   -2.17681145227685168830E-01
   -2.19941649315369691653E-02   -1.85168410817653020239E-02    7.03395730376338512713E-01
    5.86420663677695186422E-01
    5.86420663677695186422E-01
    1.57657468974645553761E-01    8.08957949123341291120E-01    2.30275992798390527483E+00
    1.84374412062123482769E+00   -1.59245098445127397646E+00    1.18812816359989886772E-01
   -1.24273450674467229177E-02    3.75295643333973305555E-01   -1.91558249197621899285E+00
    9.56910813256350745171E-01
    9.56910813256350745171E-01
