    7.08067268678534533777E-01    1.03021016260452322882E-02    3.14678093914979705586E-03    1.67404173677481566372E-03
    1.61251862477611719419E-03   -2.98658606864507125689E-01    4.27208567087309434851E-02    7.92317200041479097194E-02
   -2.48198215296987090978E-03   -2.23683552251273592981E-01    8.28086145515407878737E-02    1.47006471684303668956E-01
    5.54263543292877851332E-04   -8.95765719444359814760E-02    3.13438180934065835359E-01   -2.62950177160136744359E-01
   -4.44181382974772318885E-04   -3.71061790031203403428E-02    1.46970086620125506283E-01   -1.79937222305945249134E-01
    1.35663715952778133993E-03   -4.18534193048643796131E-02   -2.13216346167929893252E-01   -3.12316684150359569205E-01
   -4.65523575868154345075E-04   -6.68241189398248013748E-03   -1.10163805240315215705E-01   -2.43601938370775150666E-01
    4.78563312492906082303E-05    2.59985558988263263172E-03   -5.49840432286267076500E-03   -1.47591234753317889807E-03
   -1.00247122977905559621E-04   -5.59995268552715679683E-03    2.35876560960677789797E-03   -2.30847439865012951654E-02
   -1.94755689326989790992E-04   -7.71435304188612669396E-03    1.22464417313317593117E-02   -6.63643938820524057626E-03
   -2.23913169849338514672E-04   -1.11491688411575085027E-01   -1.64429576832306578726E-01    3.93779576716637904482E-03
    4.53857087276553227990E-04   -3.53283280717920289069E-03   -5.25318209285877829595E-02    9.96802114201983044395E-03
    4.84611470589608160382E-05    8.46059438521213312556E-03   -1.08677950983469373374E-03    8.68690631186554325371E-03
    4.21744468919829119946E-04    1.82304603047740709787E-02    1.92537448431756713640E-02    2.39977401030115134253E-03
    2.76993203609342177746E-04    8.70903622790666041842E-03    1.55324088415980201584E-03   -1.11238438000007544559E-02
    4.33483239473584150425E-02    5.80503114376789766671E-02    1.41673692313102599777E-02    3.80030340265522306731E-02
   -4.87702604248135204723E-02    2.02490790575856449696E-01    2.02080535867945401685E-02    1.56290150311594489008E-01
   -9.10343295691129816838E-01   -4.52612913348618001175E-02    5.52797260780252486256E-01   -6.80670918600912305818E-02
    1.01790118393672537889E-01    9.14962567351928490744E-02    4.40721460179543667035E-01   -3.80965989695131845849E-01
    2.16961639708899145518E-01   -3.37938360601316212239E-01   -6.06602018125757203038E-01    3.14461004380213848819E-01
   -1.08765058733985217621E-01    1.35540352748442421982E-01   -3.63554913176193372770E-01   -5.46810357243101119451E-01
   -2.37689536099055465090E-01    5.87046235980502872920E-02    4.73725784652795745000E-01    5.61433865767502204847E-01
   -4.23129779879004210702E-04    6.93946265723768742489E-03   -1.81053652188939775969E-02    1.24917320947606214077E-02
    6.67146751653651445130E-03    6.98897862196614094721E-02   -8.18621813942096987482E-02   -2.84017548494418497346E-03
    2.70832603683084658167E-03    5.65967984721372913137E-02    1.95922953770390068096E-02   -1.01208019804482889786E-02
    3.62488630773758549464E-02   -5.79386440218064735497E-01   -5.08115672210828969724E-03   -2.11296407127607721588E-01
    6.26827000374053922016E-01    3.18187616624510005714E-01   -2.40042216960679011262E-01    3.02471108804634840339E-02
   -7.23170707807373799175E-03    9.86846250110075652942E-04    1.11828653839293801209E-01   -4.29734102103406234718E-02
   -1.02821844771765515125E-02   -1.35374126525376337060E-01    1.13956624863217947929E-01   -4.32772053408618777998E-03
   -6.47336380789963975607E-03   -8.45394754834889565476E-03    6.96322226834845542376E-02    2.00963707738468812247E-02
    3.03507047758409920224E-01    3.58470135385382915327E-01    3.77771201687640056921E-01    2.36913113202121689005E-02
    6.89073845439552301606E-01    7.85433757751632044553E-01    8.25037950117787799442E-01    6.04948375522383272052E-02
   -1.02519077106848532921E+00   -1.55959274878202092118E+00   -8.81418926082488840557E-01   -1.72560701269158338345E-02
    3.46861695518604143396E-02   -5.24091803864567204463E-02    1.42469052247819416568E-01   -3.18476165163965763139E-01
    3.09295785315466739696E-02    5.02450097611154444799E-01   -2.55856888328659992649E-01    5.59093995625325690391E-01
    5.67370776590339631618E-03    3.55893694127993667764E-02    6.75504772504436912239E-02    1.35011111423933766185E-01
    1.27478690999315090286E-03   -3.56320809843773511627E-01   -4.14957710552173064666E-01    2.77355208315416476572E-02
   -5.51368085639227512029E-02    2.42627228047731687000E-03    4.42139506243903676608E-02    5.48306401398486187304E-02
    1.01212143461833936620E-01   -2.23318002058178033398E-01    2.64622999662690483458E-01    3.26228823135946199852E-01
    1.14186603634384292727E-02    4.04300747935208773520E-02    3.32824074222541135826E-02    7.99147083920959122594E-02
    6.46809967580452838121E-02    3.17671860713125420173E-01    3.08604244689771434196E-01    5.99648551649274233477E-02
    2.35246457067806613583E-01    3.09878936008091521170E-01    7.73071108926646072268E-02   -4.09785091878586832381E-02
   -5.89058264316200883015E-02    1.72230010684256196196E-01   -2.57291767827138861957E-01    4.65533139032541620761E-01
    1.05232452692051364762E-01   -2.27540773266314139134E-01    6.36696474908976378648E-02    1.79830973797907300860E-01
   -3.08932863320084571956E-01    3.91143143393943709674E-02    2.83175750715276230984E-01   -3.30723352150734395405E-02
    5.48353854205333585137E-02    1.56222402366028301213E-02    1.19324903462063133808E-01
    1.22285047805231791851E-01    6.54982212016789050457E-02    3.96356005249391574186E-01
   -4.65397778239830528513E-01    3.79943976849029252385E-01    1.30072228659508848381E+00
    3.72513472407207779646E-01    4.26644511889190392040E-02   -1.72713197406425517100E-01
    3.43955287099915393845E-02   -3.16376610281029202465E-01   -3.67763618824924309880E-01
   -1.79026720771328834436E-01    1.04865894855135644015E-01    4.11689418476749779963E-01
    2.57373372191437542467E-03    3.13925002452224766181E-01    4.29593993838583432243E-01
    1.10303230773852359303E-01    1.62752252069248287691E-01   -4.34603788381213926306E-02
    2.13022116943184097737E-01   -4.10993188771515749469E-01   -3.13679704870923781179E-01
   -2.08970920532959486549E-01    1.21136562739921321841E-01   -3.14337676130361176607E-01
    1.16251625020883569972E-01   -1.97930644122442517263E-01   -8.44586979806593363129E-01
    1.09214938260082536359E-01   -7.72214272917724070533E-02   -2.12781433147489429381E-01
    1.72021708064508810354E-01   -1.54354668002277761740E-01    2.63470759557424105690E-01
   -2.44751026207996019712E-01    3.66771104979810247393E-01    5.63438325338741274884E-01
   -2.25010925622135454782E-01   -2.84816707738702101782E-01    3.83208241917737668647E-01
    7.08139931968355562653E-01    2.82575880143965145128E-03    4.70260064882458642815E-03    4.32655023007550501579E-02
    1.66945446677628636309E-03   -2.87099952911431532954E-01    1.23917418754976943474E-01   -7.88537324618398260956E-02
   -4.58712788536047577637E-03   -2.27751314699497942051E-01    2.12329062388667638706E-01   -1.04319035343989874320E+00
    4.07958825339972295729E-04    1.06938328019127878998E-01   -6.12434101414941270414E-02   -3.30682196668362834990E-02
   -1.28854969335746405261E-03    4.39751302089308598875E-02   -1.11228945108673246689E-01    5.90967443076553314296E-02
    1.34847771075981281985E-03   -6.29905739753844617912E-02   -4.03441940267121379460E-01   -1.22393984221992158101E-01
   -8.59716731568210693407E-04    3.99049614551111927335E-03   -3.61711423387595543133E-01   -3.14082829705221888705E-01
   -1.24721995795447244010E-05   -1.83842142623797831155E-03   -3.62690649770528068807E-03   -1.72028383599074057714E-03
   -8.57703841307202747429E-05    5.94751946286417414178E-03    9.46483045117771024102E-03    6.95113706221698636478E-03
   -1.85693943896601388439E-05    6.14144625455791560303E-03    8.75354741427467877499E-06    9.33332690754794420951E-03
   -1.00345130712035015955E-04    1.77222849021786560408E-01    1.12943727997822720988E-01   -2.61272135845545330768E-02
   -3.07324435758588921687E-04    2.30451766787153414229E-02    6.23026975019683529333E-02   -8.28318327452643887732E-01
   -1.46270229274338874406E-04   -7.29083395053469526109E-03   -3.32269534266625872487E-03   -2.73643365513882592249E-03
   -3.64203455503295410716E-04   -2.50189623507296350635E-02   -1.24128442358726279876E-02    2.18945700629866492337E-02
   -3.07171002527612522527E-04   -9.76782149381488079554E-03    1.25470191832127049569E-02    1.21653462792707268286E-02
    1.99752044964948242967E-02    1.23557665020873758133E-01    9.96415474850255965256E-03    2.84810417252417333311E-02
   -1.03748959262687595606E-01    3.72586382888170586369E-01    1.30597835327043637621E-01    7.95428515840734401410E-02
   -9.15921024589524845894E-01   -7.43705416392070217668E-01    8.68996247521114928425E-01   -5.19736858329907680520E-01
   -3.84423270953686280205E-01    1.63152649670025656770E-01   -3.89409228497239967570E-01    5.69944092480505593024E-01
   -1.38898932473977376745E+00   -2.64545807983892655724E-01    1.17752997139908321955E+00   -1.70247211599643843982E+00
    7.35461506704938178247E-02    3.13751695306718869638E-01   -4.37183904010054635858E-01   -3.53618257422987414262E-01
    1.74698812606551096005E-01   -2.39961248405810401163E-01    7.69649382523510450227E-01    8.56747473869310494088E-01
   -3.41379476671436641808E-04    1.88090236467694689459E-02   -2.20881591722831525926E-03    1.85824826909796181340E-02
   -1.99434280839302091604E-02    3.48335809151071665313E-02    5.48929134281503881831E-03   -2.08109830316481302093E-02
    7.46142037574008820666E-03    2.08013053798108589476E-02    4.39251294772250652776E-02   -5.15772542839489922528E-02
    4.72680307701077093152E-02    4.45331381821554628253E-01    3.11423780019649820705E-01    1.80611657886382032112E-01
    3.70868201281270626346E-01   -4.71581905744399509928E-01   -2.81383826503057155044E-01    5.00614780516617785544E-01
   -1.64248451604509237978E-02    7.16641739019131113198E-02   -9.40202034614087273079E-02   -2.66471775916271615137E-02
    7.57214090326198061009E-03    1.89297280345470469998E-01    8.79974955374537570751E-02   -6.79077980131122110885E-02
   -7.79879999533463326650E-05    2.11326790545333341453E-02   -2.71502720428879636139E-02   -1.06811249440949704304E-01
    3.55947417137216226557E-01    1.63673778231631025792E-02    7.23429138371356694748E-01    1.26899576808514907844E-01
    7.72366997655291487312E-01    5.55129897624902085562E-02    1.45001205067911853597E+00    1.01691444819479864803E-01
   -1.98228038137740503188E+00    4.09592082143635127789E-01   -3.86833872052958227528E+00   -2.53926231480305020227E+00
    8.30802198055936580445E-02    1.37881908534330438476E-01   -1.06941907958446463800E-01    7.57197955115841148110E-02
   -6.93099012838200412290E-01    1.06420239715744036069E+00   -1.36330975282649036195E+00   -6.98211337123544217853E-01
   -8.80317260920824851134E-02    1.39109556156879088373E-01    1.13815821289924914983E-01   -3.35404410232911842638E-01
    3.36677312586762700342E-01   -5.85477861156518342156E-01   -9.39909868470994558365E-01   -8.06946644411047908640E-01
   -3.71745334550206418811E-02    1.06515574493025871883E-02    2.67814467286604622476E-02   -3.61442824919733923794E-02
    4.33988481725353612839E-03   -1.56215285089353561609E-01    1.34620793116577465443E-02   -2.39394256846941183570E-01
   -3.49719394934194169333E-02    1.34425020474800201858E-02    1.23596542369175110831E-02   -1.15187109112456331772E-01
   -5.24810596195981193812E-02   -2.58696552819571379267E-01   -6.31090370514644671829E-01   -5.98621978382415820263E-01
   -1.51206772411763529229E-01   -1.17810751346244607651E-01   -7.06694406585077899985E-02   -2.51724264484159021560E-01
    4.28820975601022606749E-04   -5.04614164756830518854E-01    1.13275830396858873117E-01    3.12849121802658280966E-01
   -9.26682232536607947138E-02    1.95566057930474351823E-01   -3.25603846073038785680E-02    5.55413315499414750320E-01
    3.56314952674192608750E-01    3.60317393406602848316E-02   -3.32152882893118450713E-01    5.99660254004376076092E-03
    1.22906151341325167725E-01    1.05079092978287991222E-01    1.05237993039800331596E-01
    1.45597618322039740191E-01    1.01740093633041706056E-01    2.23141842908747500829E-01
   -1.83364829031094811462E+00   -1.50626334643159909277E+00    1.73028994780347278315E-01
   -2.87580849668823239351E-02   -5.91054807925261369017E-02   -4.12378888997353754142E-01
   -8.66699689057832456385E-01   -2.84917664802154468884E-01   -1.08312830991376740641E+00
   -1.72647840609940761425E-01   -1.23216879882796156997E-01    2.68640792001608841311E-01
    4.82996444964896159968E-02   -1.46107027151197527148E-01    5.33119792121084401515E-01
    2.38864738974306295427E-01    8.32758457868308932248E-02    6.11600837653918441572E-02
   -2.11378245178970219920E-01    7.78513272582551540957E-01   -3.81908877753992015425E-01
    7.01634944575826868807E-02   -2.18193703074106154505E-01   -4.96927124153351162938E-01
   -3.06221135093564744700E-01   -3.83199991371845627430E-01    7.14822882688561755948E-01
   -3.84170113433732474117E-02   -8.28529242034857643651E-02    2.93615398813446004667E-01
    2.13017871238789291422E-01   -1.53957050182981253217E-01   -1.61073799647034249238E-01
   -1.81373395287311861557E-02    3.17189020510081465254E-01   -4.47606580176819035533E-01
    4.03958623085211188108E-01    9.16042152337841197873E-02   -2.57866892758966348431E-01
    3.17623312439745009161E-01    2.04654385218850709549E-01    6.49263265580057452597E-02    6.08924632617114935940E-01
    1.48802831057083667643E-01    5.50605539408692168379E-01    2.83549500938699516883E-01   -1.05970920080684671838E+00
    9.48568184577326493911E-03    3.01250275509404438420E-03    9.19463188637784645252E-02    8.87818438652612923478E-02
    2.07748299483745957339E-02    1.51702096988361786328E-02   -9.36830551946423589760E-02   -6.74998947994717019006E-02
    2.08609760406177263681E-01   -4.91443709730666825064E-02   -6.06573867950390699377E-01    7.76225372922215717253E-02
    6.01860538699382427441E-02   -9.10998253115975598071E-01    4.03424404007622916524E-01    6.35590437331821966893E-01
   -1.22812334075874472067E-02    5.95701102891697201885E-03   -5.63017248579470996894E-02   -4.16754344675172722079E-02
   -1.13063351523391610737E-02    1.33635072191933268471E-02   -2.99953896191470920085E-02   -1.77730667066392900022E-01
   -1.31479474022843535047E-02    6.94740218415745760389E-03   -5.87134718322013388070E-02   -1.12859271802799379647E-01
    1.59543395088633625789E-02    3.91143601691699028394E-03    3.46544484578465483704E-01    3.40242028516633543411E-01
    1.30659697435775157270E-01    4.05708473995124385691E-01   -2.11194389794484543854E-01    1.73027425105348429957E-02
   -2.06159235642396077015E-01    5.99741637324858814506E-02    4.11929147989168242816E-01   -4.62284716935197625975E-01
   -1.42446837405176829350E-01   -8.64984435089401482166E-02   -6.92676597957453399346E-02   -3.80918316689721703217E-01
   -7.73226548999896151626E-02   -1.44779235874746475821E-01    1.34577231092634280740E-01   -5.04862200887848111552E-02
    7.82324045680454945029E-03   -7.29164451525121243280E-02   -1.18088529749577661465E-01   -1.21294504941588138225E-01
    3.27396999150675049872E-01    2.80635250137057645770E-01    2.34740336266289706391E-01   -2.10401350461028424643E-01
    2.57339529874275087240E-02   -3.06402587472299536842E-01    3.67270233491064135301E-01    2.32712693098640593936E-01
   -2.09486700455796842624E-01    3.81015374754897995224E-01    6.91580130189330677393E-02    3.39187756223777558962E-01
    5.83276609540381518748E-01
    8.36361691037446619568E-01
   -4.72601510288828741135E-01
    8.97550176628322149419E-01
   -9.15527323689562133602E-01
   -2.76868081164951707063E-01
    3.12854318522227836663E-01
    5.41091336291773528089E-01
    3.64526920645045493519E-01
    3.26737151546892479193E-01    2.20238540249820036188E-01    2.98106763315514333712E-01    5.13914489572457666711E-01
    1.58781394507660794657E-01    7.27211555978849122361E-01    2.10095920508575229046E-01   -1.78023700314876820450E+00
   -1.57629808975662498438E-02   -7.88436268037398350905E-03    3.87439155319041772518E-02    5.26472086159238961134E-02
    2.10042852073579582040E-02    2.82152696116861646802E-02   -1.27327040995284496150E-01   -2.03785424517421119572E-02
   -2.53759926950419711922E-01    2.26059771877418907993E-03    5.94055128300931545304E-01   -3.30479994644311270147E-01
   -1.06234091808340994079E-01    1.31540048427914912921E+00   -6.43757254946562329501E-01   -7.48679838332441671689E-01
    9.33044373571298955861E-03   -9.51486892589886203153E-03    3.52262604935512230186E-02    1.54200323231250074896E-01
    1.04737566643609072981E-02   -1.94378968238543663183E-02    7.45075195554928682018E-02    1.50066970999475829407E-01
    1.43406990274834045956E-02   -1.46872867685061293114E-02    1.36258739373255277627E-01    1.99077666058030296192E-02
    1.00320090450683366279E-01    6.03451122105739881651E-02    5.86765511761284774828E-01    1.19990100599742105514E-01
   -4.45645185353615580492E-01   -1.08710813092354285914E+00   -1.01675983737877367874E-01    8.15955603328163636689E-01
   -1.08523518361165569046E-01   -1.11178657145257903105E-02    3.28440110345925573299E-02    7.05852399662788343448E-01
   -2.42073283658529210538E-02    5.00662335592652260607E-02   -2.04876017274433913640E-01    5.77979581627535266009E-01
   -1.43245399862496514132E-01   -3.50468744749091287716E-01    2.09119058511865706096E-02    3.22093178667909874058E-01
   -5.46743268277557134538E-02   -1.89350510696719293025E-01    3.08691366649295362290E-01    2.72375983480421413052E-01
   -4.20675831505447239689E-01    4.34237302379062509172E-02   -2.32239165607905806432E-01   -3.42874266788889603408E-01
    1.89373376105905238953E-01   -3.08365348168575525989E-01   -4.33725314956029339708E-01   -7.93799011490432665505E-02
    1.25950119479320860050E-01    4.79956131440584632397E-01   -3.00565915917179904415E-01    9.59181558614876673963E-03
    4.88962336063865854463E-01
    1.02687387066150948023E+00
   -7.18554702356140828634E-01
    8.51119835176428640722E-01
    9.18811560464499299528E-01
    2.86926656532017876344E-01
   -1.32658094418888455879E-01
   -5.17961913650918592822E-01
   -3.61718176777882816086E-01
    7.08067268678534533777E-01    1.03021016260452322882E-02    3.14678093914979705586E-03    1.67404173677481566372E-03
    1.61251862477611719419E-03   -2.98658606864507125689E-01    4.27208567087309434851E-02    7.92317200041479097194E-02
   -2.48198215296987090978E-03   -2.23683552251273592981E-01    8.28086145515407878737E-02    1.47006471684303668956E-01
    5.54263543292877851332E-04   -8.95765719444359814760E-02    3.13438180934065835359E-01   -2.62950177160136744359E-01
   -4.44181382974772318885E-04   -3.71061790031203403428E-02    1.46970086620125506283E-01   -1.79937222305945249134E-01
    1.35663715952778133993E-03   -4.18534193048643796131E-02   -2.13216346167929893252E-01   -3.12316684150359569205E-01
   -4.65523575868154345075E-04   -6.68241189398248013748E-03   -1.10163805240315215705E-01   -2.43601938370775150666E-01
    4.78563312492906082303E-05    2.59985558988263263172E-03   -5.49840432286267076500E-03   -1.47591234753317889807E-03
   -1.00247122977905559621E-04   -5.59995268552715679683E-03    2.35876560960677789797E-03   -2.30847439865012951654E-02
   -1.94755689326989790992E-04   -7.71435304188612669396E-03    1.22464417313317593117E-02   -6.63643938820524057626E-03
   -2.23913169849338514672E-04   -1.11491688411575085027E-01   -1.64429576832306578726E-01    3.93779576716637904482E-03
    4.53857087276553227990E-04   -3.53283280717920289069E-03   -5.25318209285877829595E-02    9.96802114201983044395E-03
    4.84611470589608160382E-05    8.46059438521213312556E-03   -1.08677950983469373374E-03    8.68690631186554325371E-03
    4.21744468919829119946E-04    1.82304603047740709787E-02    1.92537448431756713640E-02    2.39977401030115134253E-03
    2.76993203609342177746E-04    8.70903622790666041842E-03    1.55324088415980201584E-03   -1.11238438000007544559E-02
    4.33483239473584150425E-02    5.80503114376789766671E-02    1.41673692313102599777E-02    3.80030340265522306731E-02
   -4.87702604248135204723E-02    2.02490790575856449696E-01    2.02080535867945401685E-02    1.56290150311594489008E-01
   -9.10343295691129816838E-01   -4.52612913348618001175E-02    5.52797260780252486256E-01   -6.80670918600912305818E-02
    1.01790118393672537889E-01    9.14962567351928490744E-02    4.40721460179543667035E-01   -3.80965989695131845849E-01
    2.16961639708899145518E-01   -3.37938360601316212239E-01   -6.06602018125757203038E-01    3.14461004380213848819E-01
   -1.08765058733985217621E-01    1.35540352748442421982E-01   -3.63554913176193372770E-01   -5.46810357243101119451E-01
   -2.37689536099055465090E-01    5.87046235980502872920E-02    4.73725784652795745000E-01    5.61433865767502204847E-01
   -4.23129779879004210702E-04    6.93946265723768742489E-03   -1.81053652188939775969E-02    1.24917320947606214077E-02
    6.67146751653651445130E-03    6.98897862196614094721E-02   -8.18621813942096987482E-02   -2.84017548494418497346E-03
    2.70832603683084658167E-03    5.65967984721372913137E-02    1.95922953770390068096E-02   -1.01208019804482889786E-02
    3.62488630773758549464E-02   -5.79386440218064735497E-01   -5.08115672210828969724E-03   -2.11296407127607721588E-01
    6.26827000374053922016E-01    3.18187616624510005714E-01   -2.40042216960679011262E-01    3.02471108804634840339E-02
   -7.23170707807373799175E-03    9.86846250110075652942E-04    1.11828653839293801209E-01   -4.29734102103406234718E-02
   -1.02821844771765515125E-02   -1.35374126525376337060E-01    1.13956624863217947929E-01   -4.32772053408618777998E-03
   -6.47336380789963975607E-03   -8.45394754834889565476E-03    6.96322226834845542376E-02    2.00963707738468812247E-02
    3.03507047758409920224E-01    3.58470135385382915327E-01    3.77771201687640056921E-01    2.36913113202121689005E-02
    6.89073845439552301606E-01    7.85433757751632044553E-01    8.25037950117787799442E-01    6.04948375522383272052E-02
   -1.02519077106848532921E+00   -1.55959274878202092118E+00   -8.81418926082488840557E-01   -1.72560701269158338345E-02
    3.46861695518604143396E-02   -5.24091803864567204463E-02    1.42469052247819416568E-01   -3.18476165163965763139E-01
    3.09295785315466739696E-02    5.02450097611154444799E-01   -2.55856888328659992649E-01    5.59093995625325690391E-01
    5.67370776590339631618E-03    3.55893694127993667764E-02    6.75504772504436912239E-02    1.35011111423933766185E-01
    1.27478690999315090286E-03   -3.56320809843773511627E-01   -4.14957710552173064666E-01    2.77355208315416476572E-02
   -5.51368085639227512029E-02    2.42627228047731687000E-03    4.42139506243903676608E-02    5.48306401398486187304E-02
    1.01212143461833936620E-01   -2.23318002058178033398E-01    2.64622999662690483458E-01    3.26228823135946199852E-01
    1.14186603634384292727E-02    4.04300747935208773520E-02    3.32824074222541135826E-02    7.99147083920959122594E-02
    6.46809967580452838121E-02    3.17671860713125420173E-01    3.08604244689771434196E-01    5.99648551649274233477E-02
    2.35246457067806613583E-01    3.09878936008091521170E-01    7.73071108926646072268E-02   -4.09785091878586832381E-02
   -5.89058264316200883015E-02    1.72230010684256196196E-01   -2.57291767827138861957E-01    4.65533139032541620761E-01
    1.05232452692051364762E-01   -2.27540773266314139134E-01    6.36696474908976378648E-02    1.79830973797907300860E-01
   -3.08932863320084571956E-01    3.91143143393943709674E-02    2.83175750715276230984E-01   -3.30723352150734395405E-02
    5.48353854205333585137E-02    1.56222402366028301213E-02    1.19324903462063133808E-01
    1.22285047805231791851E-01    6.54982212016789050457E-02    3.96356005249391574186E-01
   -4.65397778239830528513E-01    3.79943976849029252385E-01    1.30072228659508848381E+00
    3.72513472407207779646E-01    4.26644511889190392040E-02   -1.72713197406425517100E-01
    3.43955287099915393845E-02   -3.16376610281029202465E-01   -3.67763618824924309880E-01
   -1.79026720771328834436E-01    1.04865894855135644015E-01    4.11689418476749779963E-01
    2.57373372191437542467E-03    3.13925002452224766181E-01    4.29593993838583432243E-01
    1.10303230773852359303E-01    1.62752252069248287691E-01   -4.34603788381213926306E-02
    2.13022116943184097737E-01   -4.10993188771515749469E-01   -3.13679704870923781179E-01
   -2.08970920532959486549E-01    1.21136562739921321841E-01   -3.14337676130361176607E-01
    1.16251625020883569972E-01   -1.97930644122442517263E-01   -8.44586979806593363129E-01
    1.09214938260082536359E-01   -7.72214272917724070533E-02   -2.12781433147489429381E-01
    1.72021708064508810354E-01   -1.54354668002277761740E-01    2.63470759557424105690E-01
   -2.44751026207996019712E-01    3.66771104979810247393E-01    5.63438325338741274884E-01
   -2.25010925622135454782E-01   -2.84816707738702101782E-01    3.83208241917737668647E-01
    7.08139931968355562653E-01    2.82575880143965145128E-03    4.70260064882458642815E-03    4.32655023007550501579E-02
    1.66945446677628636309E-03   -2.87099952911431532954E-01    1.23917418754976943474E-01   -7.88537324618398260956E-02
   -4.58712788536047577637E-03   -2.27751314699497942051E-01    2.12329062388667638706E-01   -1.04319035343989874320E+00
    4.07958825339972295729E-04    1.06938328019127878998E-01   -6.12434101414941270414E-02   -3.30682196668362834990E-02
   -1.28854969335746405261E-03    4.39751302089308598875E-02   -1.11228945108673246689E-01    5.90967443076553314296E-02
    1.34847771075981281985E-03   -6.29905739753844617912E-02   -4.03441940267121379460E-01   -1.22393984221992158101E-01
   -8.59716731568210693407E-04    3.99049614551111927335E-03   -3.61711423387595543133E-01   -3.14082829705221888705E-01
   -1.24721995795447244010E-05   -1.83842142623797831155E-03   -3.62690649770528068807E-03   -1.72028383599074057714E-03
   -8.57703841307202747429E-05    5.94751946286417414178E-03    9.46483045117771024102E-03    6.95113706221698636478E-03
   -1.85693943896601388439E-05    6.14144625455791560303E-03    8.75354741427467877499E-06    9.33332690754794420951E-03
   -1.00345130712035015955E-04    1.77222849021786560408E-01    1.12943727997822720988E-01   -2.61272135845545330768E-02
   -3.07324435758588921687E-04    2.30451766787153414229E-02    6.23026975019683529333E-02   -8.28318327452643887732E-01
   -1.46270229274338874406E-04   -7.29083395053469526109E-03   -3.32269534266625872487E-03   -2.73643365513882592249E-03
   -3.64203455503295410716E-04   -2.50189623507296350635E-02   -1.24128442358726279876E-02    2.18945700629866492337E-02
   -3.07171002527612522527E-04   -9.76782149381488079554E-03    1.25470191832127049569E-02    1.21653462792707268286E-02
    1.99752044964948242967E-02    1.23557665020873758133E-01    9.96415474850255965256E-03    2.84810417252417333311E-02
   -1.03748959262687595606E-01    3.72586382888170586369E-01    1.30597835327043637621E-01    7.95428515840734401410E-02
   -9.15921024589524845894E-01   -7.43705416392070217668E-01    8.68996247521114928425E-01   -5.19736858329907680520E-01
   -3.84423270953686280205E-01    1.63152649670025656770E-01   -3.89409228497239967570E-01    5.69944092480505593024E-01
   -1.38898932473977376745E+00   -2.64545807983892655724E-01    1.17752997139908321955E+00   -1.70247211599643843982E+00
    7.35461506704938178247E-02    3.13751695306718869638E-01   -4.37183904010054635858E-01   -3.53618257422987414262E-01
    1.74698812606551096005E-01   -2.39961248405810401163E-01    7.69649382523510450227E-01    8.56747473869310494088E-01
   -3.41379476671436641808E-04    1.88090236467694689459E-02   -2.20881591722831525926E-03    1.85824826909796181340E-02
   -1.99434280839302091604E-02    3.48335809151071665313E-02    5.48929134281503881831E-03   -2.08109830316481302093E-02
    7.46142037574008820666E-03    2.08013053798108589476E-02    4.39251294772250652776E-02   -5.15772542839489922528E-02
    4.72680307701077093152E-02    4.45331381821554628253E-01    3.11423780019649820705E-01    1.80611657886382032112E-01
    3.70868201281270626346E-01   -4.71581905744399509928E-01   -2.81383826503057155044E-01    5.00614780516617785544E-01
   -1.64248451604509237978E-02    7.16641739019131113198E-02   -9.40202034614087273079E-02   -2.66471775916271615137E-02
    7.57214090326198061009E-03    1.89297280345470469998E-01    8.79974955374537570751E-02   -6.79077980131122110885E-02
   -7.79879999533463326650E-05    2.11326790545333341453E-02   -2.71502720428879636139E-02   -1.06811249440949704304E-01
    3.55947417137216226557E-01    1.63673778231631025792E-02    7.23429138371356694748E-01    1.26899576808514907844E-01
    7.72366997655291487312E-01    5.55129897624902085562E-02    1.45001205067911853597E+00    1.01691444819479864803E-01
   -1.98228038137740503188E+00    4.09592082143635127789E-01   -3.86833872052958227528E+00   -2.53926231480305020227E+00
    8.30802198055936580445E-02    1.37881908534330438476E-01   -1.06941907958446463800E-01    7.57197955115841148110E-02
   -6.93099012838200412290E-01    1.06420239715744036069E+00   -1.36330975282649036195E+00   -6.98211337123544217853E-01
   -8.80317260920824851134E-02    1.39109556156879088373E-01    1.13815821289924914983E-01   -3.35404410232911842638E-01
    3.36677312586762700342E-01   -5.85477861156518342156E-01   -9.39909868470994558365E-01   -8.06946644411047908640E-01
   -3.71745334550206418811E-02    1.06515574493025871883E-02    2.67814467286604622476E-02   -3.61442824919733923794E-02
    4.33988481725353612839E-03   -1.56215285089353561609E-01    1.34620793116577465443E-02   -2.39394256846941183570E-01
   -3.49719394934194169333E-02    1.34425020474800201858E-02    1.23596542369175110831E-02   -1.15187109112456331772E-01
   -5.24810596195981193812E-02   -2.58696552819571379267E-01   -6.31090370514644671829E-01   -5.98621978382415820263E-01
   -1.51206772411763529229E-01   -1.17810751346244607651E-01   -7.06694406585077899985E-02   -2.51724264484159021560E-01
    4.28820975601022606749E-04   -5.04614164756830518854E-01    1.13275830396858873117E-01    3.12849121802658280966E-01
   -9.26682232536607947138E-02    1.95566057930474351823E-01   -3.25603846073038785680E-02    5.55413315499414750320E-01
    3.56314952674192608750E-01    3.60317393406602848316E-02   -3.32152882893118450713E-01    5.99660254004376076092E-03
    1.22906151341325167725E-01    1.05079092978287991222E-01    1.05237993039800331596E-01
    1.45597618322039740191E-01    1.01740093633041706056E-01    2.23141842908747500829E-01
   -1.83364829031094811462E+00   -1.50626334643159909277E+00    1.73028994780347278315E-01
   -2.87580849668823239351E-02   -5.91054807925261369017E-02   -4.12378888997353754142E-01
   -8.66699689057832456385E-01   -2.84917664802154468884E-01   -1.08312830991376740641E+00
   -1.72647840609940761425E-01   -1.23216879882796156997E-01    2.68640792001608841311E-01
    4.82996444964896159968E-02   -1.46107027151197527148E-01    5.33119792121084401515E-01
    2.38864738974306295427E-01    8.32758457868308932248E-02    6.11600837653918441572E-02
   -2.11378245178970219920E-01    7.78513272582551540957E-01   -3.81908877753992015425E-01
    7.01634944575826868807E-02   -2.18193703074106154505E-01   -4.96927124153351162938E-01
   -3.06221135093564744700E-01   -3.83199991371845627430E-01    7.14822882688561755948E-01
   -3.84170113433732474117E-02   -8.28529242034857643651E-02    2.93615398813446004667E-01
    2.13017871238789291422E-01   -1.53957050182981253217E-01   -1.61073799647034249238E-01
   -1.81373395287311861557E-02    3.17189020510081465254E-01   -4.47606580176819035533E-01
    4.03958623085211188108E-01    9.16042152337841197873E-02   -2.57866892758966348431E-01
    3.17623312439745009161E-01    2.04654385218850709549E-01    6.49263265580057452597E-02    6.08924632617114935940E-01
    1.48802831057083667643E-01    5.50605539408692168379E-01    2.83549500938699516883E-01   -1.05970920080684671838E+00
    9.48568184577326493911E-03    3.01250275509404438420E-03    9.19463188637784645252E-02    8.87818438652612923478E-02
    2.07748299483745957339E-02    1.51702096988361786328E-02   -9.36830551946423589760E-02   -6.74998947994717019006E-02
    2.08609760406177263681E-01   -4.91443709730666825064E-02   -6.06573867950390699377E-01    7.76225372922215717253E-02
    6.01860538699382427441E-02   -9.10998253115975598071E-01    4.03424404007622916524E-01    6.35590437331821966893E-01
   -1.22812334075874472067E-02    5.95701102891697201885E-03   -5.63017248579470996894E-02   -4.16754344675172722079E-02
   -1.13063351523391610737E-02    1.33635072191933268471E-02   -2.99953896191470920085E-02   -1.77730667066392900022E-01
   -1.31479474022843535047E-02    6.94740218415745760389E-03   -5.87134718322013388070E-02   -1.12859271802799379647E-01
    1.59543395088633625789E-02    3.91143601691699028394E-03    3.46544484578465483704E-01    3.40242028516633543411E-01
    1.30659697435775157270E-01    4.05708473995124385691E-01   -2.11194389794484543854E-01    1.73027425105348429957E-02
   -2.06159235642396077015E-01    5.99741637324858814506E-02    4.11929147989168242816E-01   -4.62284716935197625975E-01
   -1.42446837405176829350E-01   -8.64984435089401482166E-02   -6.92676597957453399346E-02   -3.80918316689721703217E-01
   -7.73226548999896151626E-02   -1.44779235874746475821E-01    1.34577231092634280740E-01   -5.04862200887848111552E-02
    7.82324045680454945029E-03   -7.29164451525121243280E-02   -1.18088529749577661465E-01   -1.21294504941588138225E-01
    3.27396999150675049872E-01    2.80635250137057645770E-01    2.34740336266289706391E-01   -2.10401350461028424643E-01
    2.57339529874275087240E-02   -3.06402587472299536842E-01    3.67270233491064135301E-01    2.32712693098640593936E-01
   -2.09486700455796842624E-01    3.81015374754897995224E-01    6.91580130189330677393E-02    3.39187756223777558962E-01
    5.83276609540381518748E-01
    8.36361691037446619568E-01
   -4.72601510288828741135E-01
    8.97550176628322149419E-01
   -9.15527323689562133602E-01
   -2.76868081164951707063E-01
    3.12854318522227836663E-01
    5.41091336291773528089E-01
    3.64526920645045493519E-01
    3.26737151546892479193E-01    2.20238540249820036188E-01    2.98106763315514333712E-01    5.13914489572457666711E-01
    1.58781394507660794657E-01    7.27211555978849122361E-01    2.10095920508575229046E-01   -1.78023700314876820450E+00
   -1.57629808975662498438E-02   -7.88436268037398350905E-03    3.87439155319041772518E-02    5.26472086159238961134E-02
    2.10042852073579582040E-02    2.82152696116861646802E-02   -1.27327040995284496150E-01   -2.03785424517421119572E-02
   -2.53759926950419711922E-01    2.26059771877418907993E-03    5.94055128300931545304E-01   -3.30479994644311270147E-01
   -1.06234091808340994079E-01    1.31540048427914912921E+00   -6.43757254946562329501E-01   -7.48679838332441671689E-01
    9.33044373571298955861E-03   -9.51486892589886203153E-03    3.52262604935512230186E-02    1.54200323231250074896E-01
    1.04737566643609072981E-02   -1.94378968238543663183E-02    7.45075195554928682018E-02    1.50066970999475829407E-01
    1.43406990274834045956E-02   -1.46872867685061293114E-02    1.36258739373255277627E-01    1.99077666058030296192E-02
    1.00320090450683366279E-01    6.03451122105739881651E-02    5.86765511761284774828E-01    1.19990100599742105514E-01
   -4.45645185353615580492E-01   -1.08710813092354285914E+00   -1.01675983737877367874E-01    8.15955603328163636689E-01
   -1.08523518361165569046E-01   -1.11178657145257903105E-02    3.28440110345925573299E-02    7.05852399662788343448E-01
   -2.42073283658529210538E-02    5.00662335592652260607E-02   -2.04876017274433913640E-01    5.77979581627535266009E-01
   -1.43245399862496514132E-01   -3.50468744749091287716E-01    2.09119058511865706096E-02    3.22093178667909874058E-01
   -5.46743268277557134538E-02   -1.89350510696719293025E-01    3.08691366649295362290E-01    2.72375983480421413052E-01
   -4.20675831505447239689E-01    4.34237302379062509172E-02   -2.32239165607905806432E-01   -3.42874266788889603408E-01
    1.89373376105905238953E-01   -3.08365348168575525989E-01   -4.33725314956029339708E-01   -7.93799011490432665505E-02
    1.25950119479320860050E-01    4.79956131440584632397E-01   -3.00565915917179904415E-01    9.59181558614876673963E-03
    4.88962336063865854463E-01
    1.02687387066150948023E+00
   -7.18554702356140828634E-01
    8.51119835176428640722E-01
    9.18811560464499299528E-01
    2.86926656532017876344E-01
   -1.32658094418888455879E-01
   -5.17961913650918592822E-01
   -3.61718176777882816086E-01
